4989
0
5494
0
4517
5990
8489
521
1486
489
10000
3025
1974
5493
0
0
0
0
0
0
0
7533
2974
489
7500
0
2496
0
0
1541
8966
489
5545
1466
2985
0
0
0
0
0
0
0
0
0
0
0
0
0
0
0
0
0
0
0
500
6000
3996
0
0
0
0
0
0
0
0
0
0
0
0
0
0
0
0
0
0
0
0
0
53
10454
1489
3057
4454
1485
0
9061
1446
489
6500
3496
0
0
0
0
0
0
0
0
3069
7438
489
7000
73
2934
489
7000
2996
0
0
0
0
0
0
0
0
0
0
0
0
1581
430
8485
0
0
0
0
0
0
0
0
6085
4422
489
7000
2996
0
0
0
0
0
0
0
0
0
0
0
0
0
0
0
0
0
0
0
0
0
93
8418
1985
0
4597
5910
489
8601
1406
489
8000
1996
0
0
0
0
0
0
0
0
0
0
3109
7398
489
7000
113
2894
489
7000
2996
0
0
0
0
0
0
0
0
0
0
1621
8886
489
5625
886
3485
0
0
0
0
0
0
0
0
0
0
0
0
0
0
0
0
0
0
0
0
9500
0
996
0
0
0
0
0
0
0
0
0
0
0
0
133
6878
3485
0
0
0
0
0
0
0
0
0
0
0
0
0
0
0
0
0
0
0
0
1500
0
3137
5870
489
7000
1641
1366
489
7000
2996
0
0
0
0
0
0
0
0
0
0
0
0
0
0
0
0
3149
3862
3485
0
0
0
0
0
0
0
0
0
0
0
0
0
7653
2854
489
8000
1996
0
0
0
0
0
0
0
0
0
0
0
0
0
0
0
0
0
0
0
1661
3350
5485
0
0
0
0
0
0
0
0
0
0
0
0
0
0
4000
2165
3846
485
0
0
0
0
0
0
0
0
0
0
0
0
0
10496
0
0
0
0
0
0
0
0
0
0
0
0
0
0
0
0
0
0
0
173
10334
489
4177
3334
2485
0
0
0
0
0
0
0
0
0
8500
0
681
1326
489
0
9996
0
0
0
0
0
0
0
0
0
0
0
0
0
0
0
3189
4822
2485
0
0
0
0
0
0
0
0
0
0
0
0
0
0
0
0
7693
2814
489
0
9996
0
0
0
0
0
0
0
1701
8806
489
5705
1806
2485
0
0
0
0
0
0
0
0
0
0
0
0
0
0
0
0
0
7500
2996
0
0
0
0
0
0
0
0
0
0
0
213
10294
489
4217
3294
2485
0
0
0
0
0
0
0
0
0
0
0
0
0
0
0
0
0
0
9221
790
485
0
0
0
0
0
0
0
0
0
0
0
0
0
0
0
0
0
0
1000
9496
0
0
0
0
0
0
0
0
0
0
0
0
3229
2282
4985
0
0
0
0
0
0
0
0
0
0
0
0
0
7000
0
733
2774
489
7500
2496
0
0
0
0
0
0
0
0
0
0
0
0
0
1741
8766
489
5745
4262
489
8000
1996
0
0
0
0
0
0
0
0
253
8758
1485
0
0
0
0
0
0
0
0
0
0
1000
0
3757
5750
489
7000
1761
1246
489
7500
2496
0
0
0
0
0
0
0
0
0
0
0
0
0
0
3269
7238
489
7273
238
2485
0
0
0
0
0
0
0
0
0
0
0
0
0
0
0
0
0
0
10000
0
496
0
0
0
0
0
0
0
0
0
0
0
0
0
0
0
0
0
0
1781
6230
2485
0
0
0
0
0
0
0
0
0
0
0
0
0
0
0
0
0
0
2500
0
3785
4222
489
7500
2496
0
0
0
0
0
0
0
0
0
0
0
0
0
0
0
0
0
293
2218
7985
0
0
0
0
0
0
0
0
0
0
0
0
0
0
0
4000
0
797
5710
489
7500
1301
1206
489
7500
2496
0
0
0
0
0
0
0
0
0
0
0
0
0
0
0
0
0
0
3309
7198
489
7313
198
2485
0
0
0
0
0
0
0
0
0
0
0
0
0
0
0
0
3000
7496
0
0
0
0
0
1821
8686
489
5825
1686
2485
0
0
0
0
0
0
0
0
0
0
0
0
6000
4496
0
0
0
0
0
0
0
0
333
8178
1985
0
0
0
0
0
0
0
0
0
0
0
0
4837
5670
489
4000
4841
1166
489
8000
1996
0
0
0
0
0
0
0
0
0
0
0
0
0
0
0
0
0
0
3349
6162
985
0
0
0
0
0
0
0
0
0
0
0
0
0
7000
853
2654
489
8000
1996
0
0
0
0
0
0
0
0
0
0
0
0
0
0
0
0
1861
13138
489
1373
3138
989
0
10500
0
0
0
0
0
0
0
0
0
0
373
10134
489
4377
3634
1985
0
0
0
0
0
0
0
0
0
0
0
0
0
0
3000
6381
1126
489
9996
0
0
3389
2622
4485
0
0
0
0
0
0
0
0
0
0
0
0
0
0
7893
2614
489
7500
2496
0
0
0
0
1901
110
8485
0
0
0
0
0
0
0
0
0
0
6405
4102
489
8000
1996
0
0
0
0
0
0
0
0
0
0
0
0
0
0
0
0
0
413
7598
2485
0
0
0
0
0
0
0
0
0
4917
5590
489
0
8921
1086
489
8000
1996
0
0
0
0
0
0
0
0
0
0
0
0
0
0
0
0
0
3429
4582
2485
0
0
0
0
0
0
0
0
0
0
0
7933
2574
489
8000
1996
0
0
0
0
0
0
0
0
0
0
0
0
0
0
0
0
500
1441
5570
2985
0
0
0
0
0
0
0
0
0
0
0
0
0
0
0
0
0
6445
1566
2485
0
0
0
0
0
0
0
0
0
0
0
0
0
0
0
0
6000
4496
0
0
0
0
0
0
0
0
0
0
0
0
0
0
0
0
0
0
453
9558
485
0
0
0
0
0
0
0
0
0
0
0
0
0
0
0
0
0
4957
5550
489
8000
961
1046
489
8000
0
1996
0
0
0
0
0
0
0
0
0
0
0
0
0
0
0
0
3469
42
6985
0
0
0
0
0
0
0
0
0
0
0
0
0
0
7973
2534
489
8000
1996
0
0
0
0
0
0
0
0
0
0
0
0
0
0
0
1981
8526
489
5985
2026
1985
0
0
0
0
0
0
0
0
0
0
0
0
0
0
0
7000
3496
0
0
0
0
0
0
0
0
0
0
0
0
0
0
0
0
0
0
493
10014
489
4497
4014
1485
0
0
0
0
0
0
0
0
0
0
0
0
0
0
0
0
9501
1006
489
8000
1996
0
0
0
0
0
0
0
0
0
0
0
0
0
0
0
0
3509
6002
985
0
0
0
0
0
0
0
0
0
0
0
0
0
0
0
1000
7000
13
2494
489
8000
1996
0
0
0
0
0
0
0
0
0
0
0
0
0
0
2021
8486
489
6025
1986
1985
0
0
0
0
0
0
0
0
0
0
0
0
0
2000
7000
1496
0
0
0
0
0
0
0
0
0
0
0
0
0
0
0
0
0
533
8978
985
0
0
0
0
0
0
0
0
0
0
0
0
0
0
0
0
2000
3037
3974
1485
0
0
0
0
0
0
0
0
0
0
0
0
0
0
0
0
2500
7000
41
966
489
0
9996
0
0
0
0
0
0
0
0
0
0
0
0
0
0
0
0
3000
0
549
6958
1989
6053
2454
489
9000
996
0
0
0
0
0
0
0
0
0
0
0
0
0
0
0
0
0
0
0
2061
8446
489
6065
2446
1485
0
0
0
0
0
0
0
0
0
0
0
0
0
0
0
10496
0
0
0
0
0
0
0
0
0
0
0
0
0
0
0
0
573
6938
2985
0
0
0
0
0
0
0
0
0
0
0
0
0
0
0
0
0
5077
5430
2989
0
6581
926
489
8000
1996
0
0
0
0
0
0
0
0
0
0
0
0
0
0
0
0
3589
6918
489
7593
418
1985
0
0
0
0
0
0
0
0
0
0
0
0
0
0
0
0
10496
0
0
0
0
0
0
0
0
0
0
0
0
0
0
0
0
0
0
2101
8406
489
0
6105
3902
489
8500
0
1496
0
0
0
0
0
0
0
0
0
0
0
0
613
9894
489
0
4617
5390
489
8500
621
886
489
8500
0
1496
0
0
0
0
0
0
0
0
0
0
0
0
0
0
0
3629
6878
489
7633
1878
485
0
0
0
0
0
0
0
0
0
0
0
0
10496
0
0
0
0
0
0
0
0
0
0
0
0
0
0
2141
370
7985
0
0
0
0
0
0
0
0
0
0
0
0
0
6000
645
3862
489
0
9996
0
0
0
0
0
0
0
0
0
0
0
0
653
7358
2485
0
0
0
0
0
0
0
0
0
0
0
5157
854
4485
0
0
0
0
0
0
0
0
0
0
0
6500
3161
846
489
0
9996
0
0
0
0
0
0
0
0
0
0
0
0
0
3669
2842
3985
0
0
0
0
0
0
0
0
0
0
0
0
0
8173
338
1985
0
0
0
0
0
0
0
0
0
0
0
0
0
10496
0
0
0
0
0
0
0
0
0
0
0
0
0
0
2181
5830
2485
0
0
0
0
0
0
0
0
0
0
0
0
0
6685
326
3485
0
0
0
0
0
0
0
0
0
0
0
0
0
8000
2496
0
0
0
0
0
0
0
0
0
0
0
0
0
693
318
9485
0
0
0
0
0
0
0
0
0
0
0
0
3500
0
1697
5310
489
9201
806
489
0
9996
0
0
0
0
0
0
0
0
0
0
0
1500
0
2209
6798
489
7713
2294
489
9996
0
0
0
0
0
0
0
0
0
0
0
0
0
0
2221
6790
1485
0
0
0
0
0
0
0
0
0
0
0
0
6725
3782
489
9996
0
0
0
0
0
0
0
0
0
0
0
0
0
0
733
9774
489
4737
5270
489
9241
766
489
9996
0
0
0
0
0
0
0
0
0
0
0
0
0
3749
6758
489
0
7753
2254
489
0
9996
0
0
0
0
0
0
0
0
0
0
0
0
2261
250
7985
0
0
0
0
0
0
0
0
0
0
0
0
0
6765
3742
489
0
9996
0
0
0
0
0
0
0
0
0
0
0
0
773
2238
7485
0
0
0
0
0
0
0
0
0
0
0
0
4000
1277
5230
489
9281
726
489
9996
0
0
0
0
0
0
0
0
0
0
0
0
0
3789
2222
4485
0
0
0
0
0
0
0
0
0
0
8293
2214
489
0
9996
0
0
0
0
0
0
0
0
0
0
1500
801
8206
489
6305
3702
1989
0
8496
0
0
0
0
0
0
0
0
0
0
0
0
813
7698
1985
0
0
0
0
0
0
0
0
0
0
0
5317
694
4485
0
0
0
0
0
0
0
0
0
0
0
0
9821
686
489
9996
0
0
0
0
0
0
0
0
0
0
0
0
0
3829
4182
2485
0
0
0
0
0
0
0
0
0
0
0
0
8333
2174
489
9996
0
0
0
0
0
0
0
0
0
0
0
2341
8166
489
0
6345
3662
489
0
9996
0
0
0
0
0
0
0
0
0
0
0
853
6158
3485
0
0
0
0
0
0
0
0
0
0
0
0
5357
3154
1985
0
0
0
0
0
0
0
0
0
0
0
0
9861
646
489
9996
0
0
0
0
0
0
0
0
0
0
0
0
0
3869
6638
489
7873
2134
489
9996
0
0
0
0
0
0
0
0
0
0
0
0
0
2381
8126
489
6385
3626
4989
5492
0
0
0
0
0
0
0
0
0
0
893
9614
489
0
4897
5110
489
0
9401
606
3489
6996
0
0
0
0
0
0
0
0
0
0
0
0
0
3909
6598
489
0
7913
2094
489
0
9996
0
0
0
0
0
0
0
0
0
0
0
2421
8086
489
0
6425
3582
489
9996
0
0
0
0
0
0
0
0
0
0
0
933
9574
489
0
4937
5070
489
0
9441
566
489
0
9996
0
0
0
0
0
0
0
0
0
0
0
0
3949
6558
989
7453
2054
489
0
9996
0
0
0
0
0
0
0
0
0
0
0
2461
6050
1985
0
0
0
0
0
0
0
0
0
0
0
6965
1046
2485
0
0
0
0
0
0
0
0
0
0
2000
8496
0
0
0
0
0
0
0
0
0
0
0
0
0
973
9534
489
4977
5030
489
0
9481
526
3989
0
6496
0
0
0
0
0
0
0
0
0
0
0
3500
489
6518
489
0
7993
2014
489
0
9996
0
0
0
0
0
0
0
0
0
0
0
2501
510
7485
0
0
0
0
0
0
0
0
0
0
0
1500
0
5505
3502
489
9996
0
0
0
0
0
0
0
0
0
0
0
500
513
9494
489
0
5017
4990
489
0
9521
486
489
0
9996
0
0
0
0
0
0
0
0
4029
6478
489
0
8033
1974
489
0
9996
0
0
0
0
0
0
0
0
0
0
0
2541
7966
489
0
6545
3462
489
9996
0
0
0
0
0
0
0
0
0
0
0
0
1053
8958
485
0
0
0
0
0
0
0
0
0
0
0
5557
4950
3489
6561
446
489
0
9996
0
0
0
0
0
0
0
0
0
4069
6438
489
8073
1934
489
0
9996
0
0
0
0
0
0
0
0
0
0
0
2581
7926
489
0
6585
3422
489
9996
0
0
0
0
0
0
0
0
0
0
0
0
1093
9414
489
0
5097
4910
489
0
9601
406
489
0
9996
0
0
0
0
0
0
0
0
0
0
4109
1902
4485
0
0
0
0
0
0
0
0
0
0
8613
1894
489
0
9996
0
0
0
0
0
0
0
0
0
0
2621
7886
489
0
6625
3382
489
9996
0
0
0
0
0
0
0
0
0
0
0
0
1133
9374
489
0
5137
4870
489
0
9641
366
489
9996
0
0
0
0
0
0
0
0
0
0
0
2500
1649
6358
489
8153
1854
489
9996
0
0
0
0
0
0
0
0
0
0
2661
7846
489
0
6665
3342
489
0
9996
0
0
0
0
0
0
0
0
0
0
1173
4838
4485
0
0
0
0
0
0
0
0
0
0
4000
1677
4830
489
0
9681
326
489
0
9996
0
0
0
0
0
0
0
0
0
0
4189
2322
3985
0
0
0
0
0
0
0
0
3000
5693
1814
489
9996
0
0
0
0
0
0
0
0
0
0
0
2701
7806
489
6705
3302
489
0
9996
0
0
0
0
0
0
0
0
0
1213
2298
6985
0
0
0
0
0
0
0
0
0
0
5717
294
4485
0
0
0
0
0
0
0
0
0
0
3000
0
7221
286
489
0
9996
0
0
0
0
0
0
0
0
0
0
4229
3282
2985
0
0
0
0
0
0
0
0
0
0
8733
1774
489
0
9996
0
0
0
0
0
0
0
0
0
0
0
2741
7766
489
0
6745
3262
489
9996
0
0
0
0
0
0
0
0
0
0
1253
9254
489
5257
4750
489
9761
246
489
0
9996
0
0
0
0
0
0
0
0
0
0
4269
3742
2485
0
0
0
0
0
0
0
0
0
0
8773
1734
489
0
9996
0
0
0
0
0
0
0
0
0
0
2781
7230
485
0
0
0
0
0
0
0
0
0
0
5500
0
1785
3222
489
0
9996
0
0
0
0
0
0
0
0
0
0
0
1293
9214
489
0
5297
4710
489
0
9801
206
489
9996
0
0
0
0
0
0
0
0
0
0
0
4309
6198
489
0
8313
1694
489
9996
0
0
0
0
0
0
0
0
0
0
0
2821
2190
5485
0
0
0
0
0
0
0
0
0
0
7325
3182
489
9996
0
0
0
0
0
0
0
0
0
0
0
1333
7678
1485
0
0
0
0
0
0
0
0
0
0
5837
4670
489
0
9841
166
489
9996
0
0
0
0
0
0
0
0
0
0
2500
0
1849
6158
489
0
8353
1654
489
0
9996
0
0
0
0
0
0
0
0
0
0
2861
7646
489
0
6865
3142
489
0
9996
0
0
0
0
0
0
0
0
0
0
1373
9134
489
0
5377
4630
489
0
9881
126
489
9996
0
0
0
0
0
0
0
0
4389
6118
489
8393
1614
489
0
9996
0
0
0
0
0
0
0
0
0
0
2901
7606
4489
0
2905
3102
489
0
9996
0
0
0
0
0
0
0
0
0
1000
413
9094
489
0
5417
4590
489
0
9921
86
489
9996
0
0
0
0
0
0
0
0
0
0
4429
5082
985
0
0
0
0
0
0
0
0
0
8933
1574
489
0
9996
0
0
2941
7566
489
0
6945
3062
489
0
9996
0
0
0
0
0
0
0
0
0
1453
9054
489
0
5457
4550
4989
0
5461
46
489
9996
0
0
0
0
0
0
0
0
0
0
4469
1042
4985
0
0
0
0
0
0
0
0
0
8973
1534
489
0
9996
0
0
0
0
0
0
2981
3030
4485
0
0
0
0
0
0
0
0
0
7485
3022
489
0
9996
0
0
0
0
0
0
0
0
0
1493
5518
3485
0
0
0
0
0
0
0
0
0
5997
3014
1485
0
0
0
0
0
0
0
0
0
9500
0
996
6
