489 0
0 0
9994 0
0 0
4517 0
5990 0
4989 0
4021 0
1486 0
489 0
9996 0
3029 1
1974 1
4981 1
0 1
512 1
0 1
0 1
0 1
0 1
0 1
0 1
0 1
3500 1
4033 1
2974 1
489 1
9996 1
0 1
0 1
0 1
0 1
0 1
0 1
0 1
0 1
0 1
0 1
0 1
0 1
0 1
0 1
0 1
0 1
0 1
0 1
0 1
1541 1
470 1
8485 1
0 1
0 1
0 1
0 1
0 1
0 1
0 1
0 1
0 1
0 1
0 1
0 1
0 1
0 1
0 1
0 1
1000 1
5045 1
466 1
3985 1
0 1
0 1
0 1
0 1
0 1
0 1
0 1
0 1
0 1
0 1
0 1
0 1
0 1
0 1
0 1
0 1
0 1
0 1
0 1
0 1
5000 1
0 1
5496 1
0 1
0 1
0 1
0 1
0 1
0 1
0 1
0 1
0 1
0 1
0 1
0 1
0 1
0 1
0 1
0 1
0 1
0 1
0 1
0 1
0 1
53 1
3458 1
6985 1
0 1
0 1
0 1
0 1
0 1
0 1
0 1
4557 1
5950 1
489 1
0 1
8561 1
1446 1
489 1
7000 1
0 1
2996 1
0 1
0 1
0 1
0 1
0 1
0 1
0 1
0 1
0 1
0 1
0 1
0 1
0 1
0 1
0 1
0 1
0 1
3000 1
69 1
5442 1
1985 1
0 1
0 1
0 1
0 1
0 1
0 1
0 1
0 1
0 1
0 1
0 1
0 1
0 1
0 1
0 1
0 1
0 1
7573 1
1938 1
985 1
0 1
0 1
0 1
0 1
0 1
0 1
0 1
0 1
0 1
0 1
0 1
0 1
0 1
0 1
0 1
0 1
0 1
0 1
0 1
0 1
0 1
7500 1
0 1
2996 1
0 1
0 1
0 1
0 1
0 1
0 1
0 1
0 1
0 1
0 1
0 1
0 1
0 1
0 1
0 1
0 1
0 1
1581 1
8926 1
489 1
5585 1
1426 1
2985 1
0 1
0 1
0 1
0 1
0 1
0 1
0 1
0 1
0 1
0 1
0 1
0 1
0 1
0 1
0 1
0 1
0 1
0 1
0 1
0 1
5500 1
0 1
4996 1
0 1
0 1
0 1
0 1
0 1
0 1
0 1
0 1
0 1
93 1
7918 1
2485 1
0 1
0 1
0 1
0 1
0 1
0 1
0 1
0 1
0 1
4597 1
5910 1
489 1
7500 1
0 1
1101 1
1406 1
489 1
8000 1
0 1
1996 1
0 1
0 1
3109 1
7398 1
3489 1
4113 1
2894 1
489 1
6500 1
3496 1
0 1
0 1
0 1
0 1
0 1
0 1
0 1
0 1
0 1
0 1
0 1
1621 1
7390 1
1485 1
0 1
0 1
0 1
0 1
1500 1
0 1
4625 1
4382 1
489 1
6500 1
3496 1
0 1
133 1
10374 1
489 1
4137 1
2874 1
2985 1
0 1
9141 1
5858 1
489 1
4500 1
1004 1
0 1
0 1
0 1
0 1
0 1
0 1
0 1
0 1
3149 1
11850 1
489 1
2661 1
1850 1
993 1
0 1
0 1
0 1
0 1
0 1
0 1
0 1
0 1
0 1
0 1
0 1
0 1
3000 1
7000 1
0 1
496 1
0 1
0 1
0 1
0 1
0 1
0 1
0 1
1661 1
8846 1
489 1
5665 1
3846 1
485 1
0 1
0 1
0 1
0 1
0 1
0 1
0 1
0 1
10496 1
0 1
0 1
0 1
0 1
0 1
0 1
0 1
0 1
0 1
173 1
8838 1
1485 1
0 1
0 1
0 1
0 1
0 1
0 1
0 1
0 1
0 1
0 1
0 1
0 1
0 1
0 1
0 1
4677 1
2334 1
3485 1
0 1
0 1
0 1
0 1
0 1
0 1
0 1
0 1
0 1
0 1
0 1
0 1
0 1
0 1
0 1
0 1
0 1
0 1
9181 1
1326 1
489 1
2000 1
7996 1
0 1
0 1
0 1
0 1
0 1
0 1
0 1
0 1
0 1
0 1
0 1
0 1
0 1
0 1
0 1
3189 1
7318 1
489 1
7193 1
818 1
1985 1
0 1
10496 1
0 1
0 1
0 1
0 1
0 1
0 1
0 1
0 1
0 1
0 1
0 1
1701 1
1810 1
6985 1
0 1
0 1
0 1
0 1
0 1
0 1
0 1
0 1
0 1
0 1
0 1
0 1
0 1
0 1
0 1
0 1
6205 1
4302 1
3989 1
0 1
6496 1
0 1
0 1
0 1
0 1
0 1
0 1
0 1
0 1
0 1
0 1
0 1
0 1
0 1
0 1
0 1
0 1
213 1
6298 1
3985 1
0 1
0 1
0 1
0 1
0 1
0 1
0 1
0 1
0 1
0 1
0 1
0 1
0 1
0 1
4717 1
5790 1
489 1
0 1
8721 1
1286 1
489 1
7500 1
2496 1
0 1
0 1
0 1
0 1
0 1
0 1
0 1
0 1
0 1
0 1
0 1
0 1
0 1
0 1
3229 1
7278 1
489 1
7233 1
278 1
2485 1
0 1
0 1
0 1
0 1
0 1
0 1
0 1
0 1
0 1
0 1
0 1
0 1
0 1
0 1
0 1
0 1
2500 1
7500 1
496 1
0 1
0 1
0 1
0 1
0 1
0 1
0 1
0 1
0 1
0 1
0 1
0 1
1741 1
1270 1
7485 1
0 1
0 1
0 1
0 1
0 1
0 1
0 1
0 1
0 1
0 1
0 1
0 1
0 1
0 1
6245 1
4262 1
489 1
9000 1
0 1
996 1
0 1
0 1
0 1
0 1
0 1
0 1
0 1
253 1
2758 1
7485 1
0 1
0 1
0 1
0 1
0 1
0 1
0 1
0 1
0 1
0 1
0 1
0 1
0 1
4757 1
5750 1
489 1
8500 1
261 1
1246 1
489 1
8500 1
1496 1
0 1
0 1
0 1
0 1
0 1
0 1
0 1
0 1
0 1
0 1
0 1
0 1
0 1
0 1
0 1
3269 1
7238 1
489 1
7273 1
1238 1
1485 1
0 1
0 1
0 1
0 1
0 1
0 1
0 1
0 1
0 1
0 1
0 1
0 1
0 1
0 1
10496 1
0 1
0 1
1781 1
8726 1
489 1
5785 1
2726 1
1485 1
0 1
0 1
0 1
0 1
0 1
0 1
0 1
0 1
0 1
0 1
0 1
0 1
0 1
0 1
10000 1
496 1
0 1
0 1
0 1
0 1
0 1
0 1
0 1
0 1
0 1
0 1
0 1
0 1
0 1
0 1
0 1
293 1
7218 1
2985 1
0 1
0 1
0 1
0 1
0 1
0 1
0 1
0 1
0 1
0 1
0 1
1000 1
3797 1
4714 1
985 1
0 1
0 1
0 1
0 1
0 1
0 1
0 1
0 1
0 1
0 1
0 1
9301 1
1206 1
489 1
9500 1
0 1
496 1
0 1
0 1
0 1
0 1
0 1
0 1
0 1
0 1
0 1
0 1
0 1
0 1
0 1
3309 1
7198 1
489 1
7313 1
1698 1
985 1
0 1
0 1
0 1
0 1
0 1
0 1
0 1
0 1
0 1
0 1
0 1
0 1
0 1
10496 1
0 1
0 1
0 1
0 1
0 1
0 1
0 1
0 1
0 1
0 1
0 1
0 1
0 1
0 1
0 1
0 1
1821 1
8686 1
489 1
5825 1
3686 1
485 1
0 1
0 1
0 1
0 1
0 1
0 1
0 1
0 1
0 1
0 1
0 1
0 1
0 1
10496 1
0 1
0 1
0 1
0 1
0 1
0 1
0 1
0 1
0 1
0 1
0 1
0 1
0 1
0 1
0 1
333 1
4178 1
5985 1
0 1
0 1
0 1
0 1
0 1
0 1
0 1
0 1
0 1
0 1
0 1
0 1
0 1
0 1
3500 1
1337 1
5670 1
489 1
8841 1
170 1
985 1
0 1
0 1
0 1
0 1
0 1
0 1
0 1
0 1
10496 1
0 1
0 1
0 1
0 1
0 1
0 1
0 1
0 1
0 1
0 1
0 1
0 1
3349 1
2162 1
4985 1
0 1
0 1
0 1
0 1
0 1
0 1
0 1
0 1
0 1
0 1
0 1
0 1
0 1
7853 1
2654 1
489 1
9000 1
996 1
0 1
0 1
0 1
0 1
0 1
0 1
0 1
0 1
0 1
0 1
0 1
0 1
0 1
0 1
1861 1
8646 1
489 1
5865 1
3146 1
985 1
0 1
0 1
0 1
0 1
0 1
0 1
0 1
0 1
0 1
0 1
0 1
0 1
0 1
9000 1
1496 1
0 1
0 1
0 1
0 1
0 1
0 1
0 1
0 1
0 1
0 1
0 1
0 1
0 1
0 1
373 1
10134 1
489 1
4377 1
5134 1
485 1
0 1
0 1
0 1
0 1
0 1
0 1
0 1
0 1
0 1
0 1
0 1
0 1
5000 1
0 1
4381 1
1126 1
10485 1
0 1
0 1
0 1
0 1
0 1
0 1
0 1
0 1
0 1
0 1
0 1
0 1
0 1
0 1
0 1
3389 1
7118 1
3489 1
0 1
4393 1
2614 1
489 1
9500 1
496 1
0 1
0 1
0 1
0 1
0 1
0 1
0 1
0 1
0 1
0 1
0 1
0 1
0 1
1901 1
3610 1
4985 1
0 1
0 1
0 1
0 1
0 1
0 1
0 1
0 1
0 1
0 1
0 1
0 1
0 1
6405 1
606 1
3485 1
0 1
0 1
0 1
0 1
0 1
0 1
0 1
0 1
0 1
0 1
0 1
10496 1
0 1
0 1
0 1
0 1
0 1
0 1
0 1
0 1
0 1
0 1
0 1
0 1
0 1
0 1
0 1
0 1
0 1
413 1
7098 1
2985 1
0 1
0 1
0 1
0 1
0 1
0 1
0 1
0 1
0 1
0 1
0 1
0 1
0 1
0 1
0 1
4917 1
5590 1
489 1
8500 1
421 1
1086 1
489 1
9000 1
996 1
0 1
0 1
0 1
0 1
0 1
0 1
0 1
0 1
0 1
0 1
0 1
0 1
0 1
0 1
0 1
0 1
3429 1
7078 1
2489 1
5433 1
2574 1
489 1
8500 1
1496 1
0 1
0 1
0 1
0 1
0 1
0 1
0 1
0 1
0 1
0 1
0 1
0 1
0 1
1941 1
6070 1
2485 1
0 1
0 1
0 1
0 1
0 1
0 1
0 1
0 1
0 1
0 1
0 1
0 1
0 1
0 1
0 1
0 1
6445 1
4062 1
489 1
0 1
9996 1
0 1
0 1
0 1
0 1
0 1
0 1
0 1
0 1
0 1
0 1
0 1
0 1
0 1
0 1
0 1
453 1
10054 1
489 1
4457 1
4054 1
1485 1
0 1
0 1
0 1
0 1
0 1
0 1
0 1
0 1
0 1
0 1
0 1
0 1
0 1
0 1
6500 1
0 1
2961 1
1046 1
489 1
8500 1
0 1
1496 1
0 1
0 1
0 1
0 1
0 1
0 1
0 1
0 1
0 1
0 1
0 1
0 1
0 1
0 1
3469 1
42 1
6985 1
0 1
0 1
0 1
0 1
0 1
0 1
0 1
0 1
0 1
0 1
0 1
0 1
0 1
0 1
0 1
7973 1
2534 1
489 1
9996 1
0 1
0 1
0 1
0 1
0 1
0 1
0 1
0 1
0 1
0 1
0 1
0 1
0 1
0 1
1981 1
8526 1
489 1
5985 1
3026 1
985 1
0 1
0 1
0 1
0 1
0 1
0 1
0 1
0 1
0 1
0 1
0 1
0 1
8000 1
0 1
2496 1
0 1
0 1
0 1
0 1
0 1
0 1
0 1
0 1
0 1
0 1
0 1
0 1
0 1
0 1
0 1
493 1
10014 1
489 1
4497 1
4014 1
1485 1
0 1
0 1
0 1
0 1
0 1
0 1
0 1
0 1
0 1
0 1
0 1
0 1
0 1
0 1
9501 1
1006 1
489 1
9500 1
0 1
496 1
0 1
0 1
0 1
0 1
0 1
0 1
0 1
0 1
0 1
0 1
0 1
0 1
0 1
3509 1
6002 1
985 1
0 1
0 1
0 1
0 1
0 1
0 1
0 1
0 1
0 1
0 1
0 1
0 1
0 1
0 1
3500 1
0 1
4513 1
2494 1
489 1
9000 1
996 1
0 1
0 1
0 1
0 1
0 1
0 1
0 1
0 1
0 1
0 1
0 1
0 1
0 1
0 1
1500 1
521 1
7490 1
985 1
0 1
0 1
0 1
0 1
0 1
0 1
0 1
0 1
0 1
0 1
0 1
0 1
0 1
4000 1
0 1
2525 1
3982 1
489 1
9500 1
496 1
0 1
0 1
0 1
0 1
0 1
0 1
0 1
0 1
0 1
0 1
0 1
0 1
533 1
5478 1
4485 1
0 1
0 1
0 1
0 1
0 1
0 1
0 1
0 1
0 1
0 1
0 1
0 1
5037 1
974 1
4485 1
0 1
0 1
0 1
0 1
0 1
0 1
0 1
0 1
0 1
0 1
0 1
0 1
0 1
0 1
0 1
9541 1
966 1
489 1
9000 1
0 1
996 1
0 1
0 1
0 1
0 1
0 1
0 1
0 1
0 1
0 1
0 1
0 1
0 1
3000 1
549 1
6958 1
489 1
7553 1
1458 1
985 1
0 1
0 1
0 1
0 1
0 1
0 1
0 1
0 1
0 1
0 1
0 1
0 1
0 1
7500 1
2996 1
0 1
0 1
0 1
0 1
0 1
0 1
0 1
0 1
0 1
0 1
0 1
0 1
0 1
0 1
0 1
2061 1
8446 1
489 1
6065 1
3446 1
485 1
0 1
0 1
0 1
0 1
0 1
0 1
0 1
0 1
0 1
0 1
0 1
0 1
0 1
0 1
10496 1
0 1
0 1
0 1
0 1
0 1
0 1
0 1
0 1
0 1
0 1
0 1
0 1
0 1
0 1
0 1
573 1
8438 1
1485 1
0 1
0 1
0 1
0 1
0 1
0 1
0 1
0 1
0 1
0 1
0 1
0 1
0 1
5077 1
5430 1
489 1
9000 1
81 1
926 1
489 1
9500 1
496 1
0 1
0 1
0 1
0 1
0 1
0 1
0 1
0 1
0 1
0 1
0 1
0 1
0 1
3589 1
6918 1
489 1
7593 1
1418 1
985 1
0 1
0 1
0 1
0 1
0 1
0 1
0 1
0 1
0 1
0 1
0 1
0 1
0 1
10496 1
0 1
0 1
0 1
0 1
0 1
0 1
0 1
0 1
0 1
0 1
0 1
0 1
0 1
0 1
0 1
2101 1
1910 1
6485 1
0 1
0 1
0 1
0 1
0 1
0 1
0 1
0 1
0 1
0 1
0 1
0 1
0 1
6605 1
3406 1
485 1
0 1
0 1
0 1
0 1
0 1
0 1
0 1
0 1
0 1
0 1
0 1
0 1
0 1
0 1
10496 1
0 1
0 1
0 1
0 1
0 1
0 1
0 1
0 1
0 1
0 1
0 1
0 1
0 1
0 1
0 1
0 1
613 1
9894 1
489 1
4617 1
4394 1
985 1
0 1
0 1
0 1
0 1
0 1
0 1
0 1
0 1
0 1
0 1
0 1
9621 1
886 1
489 1
9500 1
0 1
496 1
0 1
0 1
0 1
0 1
0 1
0 1
0 1
0 1
0 1
0 1
0 1
0 1
3629 1
4382 1
2485 1
0 1
0 1
0 1
0 1
0 1
0 1
0 1
0 1
0 1
0 1
3000 1
0 1
5133 1
2374 1
489 1
9000 1
996 1
0 1
0 1
0 1
0 1
0 1
0 1
0 1
0 1
0 1
0 1
0 1
2141 1
6870 1
1485 1
0 1
0 1
0 1
0 1
0 1
0 1
0 1
0 1
0 1
0 1
6645 1
1366 1
2485 1
0 1
0 1
0 1
0 1
0 1
0 1
0 1
0 1
0 1
0 1
2500 1
7996 1
0 1
0 1
0 1
0 1
0 1
0 1
0 1
0 1
0 1
0 1
0 1
653 1
1358 1
8485 1
0 1
0 1
0 1
0 1
0 1
0 1
0 1
0 1
0 1
0 1
0 1
5157 1
5350 1
489 1
9161 1
846 1
489 1
9500 1
496 1
0 1
0 1
0 1
0 1
0 1
0 1
0 1
0 1
0 1
2500 1
0 1
1169 1
6838 1
489 1
0 1
7673 1
2334 1
489 1
0 1
9996 1
0 1
0 1
0 1
0 1
0 1
0 1
0 1
0 1
0 1
0 1
2181 1
6830 1
1485 1
0 1
0 1
0 1
0 1
0 1
0 1
0 1
0 1
0 1
0 1
6000 1
685 1
3822 1
489 1
0 1
9996 1
0 1
0 1
0 1
0 1
0 1
0 1
0 1
0 1
0 1
0 1
693 1
2818 1
6985 1
0 1
0 1
0 1
0 1
0 1
0 1
0 1
0 1
0 1
0 1
3000 1
0 1
2197 1
5310 1
489 1
9201 1
806 1
489 1
0 1
9996 1
0 1
0 1
0 1
0 1
0 1
0 1
3709 1
6798 1
489 1
7713 1
2294 1
489 1
9996 1
0 1
0 1
0 1
0 1
0 1
0 1
0 1
0 1
0 1
2221 1
8286 1
489 1
0 1
6225 1
3782 1
489 1
0 1
9996 1
0 1
0 1
0 1
0 1
0 1
0 1
0 1
0 1
0 1
0 1
733 1
9774 1
489 1
4737 1
5270 1
489 1
9241 1
766 1
489 1
9996 1
0 1
0 1
0 1
0 1
0 1
0 1
0 1
0 1
0 1
0 1
0 1
3749 1
3762 1
2985 1
0 1
0 1
0 1
0 1
0 1
0 1
0 1
0 1
0 1
0 1
8253 1
2254 1
489 1
0 1
9996 1
0 1
0 1
0 1
0 1
0 1
2261 1
750 1
7485 1
0 1
0 1
0 1
0 1
0 1
0 1
0 1
0 1
0 1
0 1
6765 1
3742 1
489 1
0 1
9996 1
0 1
0 1
0 1
0 1
0 1
0 1
0 1
0 1
0 1
0 1
773 1
9734 1
489 1
0 1
4777 1
5230 1
489 1
0 1
9281 1
726 1
489 1
0 1
9996 1
0 1
0 1
0 1
0 1
0 1
0 1
0 1
0 1
0 1
0 1
3789 1
6718 1
489 1
7793 1
2214 1
489 1
9996 1
0 1
0 1
0 1
0 1
0 1
0 1
0 1
0 1
0 1
0 1
0 1
2301 1
6710 1
1485 1
0 1
0 1
0 1
0 1
0 1
0 1
0 1
0 1
0 1
6805 1
3702 1
489 1
9996 1
0 1
0 1
0 1
0 1
0 1
0 1
0 1
0 1
0 1
813 1
9694 1
489 1
4817 1
5190 1
489 1
9321 1
686 1
489 1
0 1
9996 1
0 1
0 1
0 1
0 1
0 1
0 1
0 1
0 1
0 1
0 1
3829 1
6678 1
489 1
0 1
7833 1
2174 1
489 1
9996 1
0 1
0 1
0 1
0 1
0 1
0 1
0 1
0 1
0 1
0 1
0 1
2341 1
8166 1
489 1
6345 1
3662 1
489 1
9996 1
0 1
0 1
0 1
0 1
0 1
0 1
0 1
0 1
0 1
0 1
0 1
0 1
0 1
0 1
853 1
9654 1
489 1
4857 1
5150 1
489 1
0 1
9361 1
646 1
489 1
0 1
9996 1
0 1
0 1
0 1
0 1
0 1
0 1
0 1
0 1
0 1
0 1
0 1
500 1
0 1
3369 1
6638 1
3489 1
0 1
4873 1
2134 1
489 1
0 1
9996 1
0 1
0 1
0 1
0 1
0 1
0 1
0 1
0 1
0 1
0 1
0 1
2381 1
8126 1
489 1
0 1
6385 1
3622 1
3989 1
6496 1
0 1
0 1
0 1
0 1
0 1
0 1
0 1
0 1
0 1
0 1
0 1
893 1
2618 1
6985 1
0 1
0 1
0 1
0 1
0 1
0 1
0 1
0 1
0 1
5397 1
5110 1
489 1
9401 1
606 1
489 1
0 1
9996 1
0 1
0 1
0 1
0 1
0 1
0 1
0 1
0 1
3000 1
909 1
6598 1
489 1
0 1
7913 1
2094 1
489 1
0 1
9996 1
0 1
0 1
0 1
0 1
0 1
0 1
0 1
0 1
0 1
2421 1
8086 1
489 1
0 1
6425 1
3582 1
489 1
9996 1
0 1
0 1
0 1
0 1
0 1
0 1
0 1
0 1
0 1
0 1
0 1
933 1
9574 1
489 1
0 1
4937 1
5070 1
489 1
0 1
9441 1
566 1
489 1
0 1
9996 1
0 1
0 1
0 1
0 1
0 1
0 1
0 1
0 1
0 1
3949 1
3562 1
2985 1
0 1
0 1
0 1
0 1
0 1
0 1
0 1
0 1
0 1
8453 1
2054 1
489 1
0 1
9996 1
0 1
0 1
0 1
0 1
0 1
0 1
0 1
0 1
0 1
0 1
2461 1
8046 1
489 1
0 1
6465 1
3542 1
489 1
0 1
9996 1
0 1
0 1
0 1
0 1
0 1
0 1
0 1
0 1
0 1
973 1
4538 1
4985 1
0 1
0 1
0 1
0 1
0 1
0 1
0 1
0 1
0 1
5477 1
1534 1
3485 1
0 1
0 1
0 1
0 1
0 1
0 1
0 1
0 1
0 1
9500 1
481 1
526 1
489 1
0 1
9996 1
0 1
0 1
0 1
0 1
0 1
0 1
0 1
0 1
3989 1
1022 1
5485 1
0 1
0 1
0 1
0 1
0 1
0 1
0 1
0 1
8493 1
2014 1
489 1
0 1
9996 1
0 1
0 1
0 1
0 1
0 1
0 1
0 1
0 1
2501 1
8006 1
2989 1
0 1
4005 1
3502 1
489 1
9996 1
0 1
0 1
0 1
0 1
0 1
0 1
0 1
0 1
0 1
0 1
1013 1
9494 1
489 1
0 1
5017 1
4990 1
489 1
0 1
9521 1
486 1
489 1
9996 1
0 1
0 1
0 1
0 1
0 1
0 1
0 1
0 1
0 1
0 1
4029 1
6478 1
489 1
8033 1
1974 1
489 1
0 1
9996 1
0 1
0 1
0 1
0 1
0 1
0 1
0 1
0 1
2541 1
7966 1
489 1
6545 1
3462 1
489 1
0 1
9996 1
0 1
0 1
0 1
0 1
0 1
0 1
0 1
0 1
0 1
1053 1
9454 1
489 1
5057 1
4950 1
489 1
0 1
9561 1
446 1
489 1
9996 1
0 1
0 1
0 1
0 1
0 1
0 1
0 1
0 1
0 1
0 1
4069 1
6438 1
489 1
0 1
8073 1
1934 1
489 1
0 1
9996 1
0 1
0 1
0 1
0 1
0 1
0 1
0 1
0 1
0 1
2581 1
7926 1
489 1
6585 1
3422 1
489 1
9996 1
0 1
0 1
0 1
0 1
0 1
0 1
0 1
0 1
1093 1
9414 1
489 1
0 1
5097 1
4910 1
489 1
0 1
9601 1
406 1
489 1
9996 1
0 1
0 1
0 1
0 1
0 1
0 1
0 1
0 1
0 1
0 1
0 1
4109 1
6398 1
489 1
8113 1
1894 1
489 1
9996 1
0 1
0 1
0 1
0 1
0 1
0 1
0 1
0 1
0 1
0 1
0 1
2621 1
2890 1
4985 1
0 1
0 1
0 1
0 1
0 1
0 1
0 1
0 1
0 1
0 1
7125 1
3382 1
489 1
9996 1
0 1
0 1
0 1
0 1
0 1
0 1
0 1
0 1
0 1
0 1
1133 1
9374 1
489 1
0 1
5137 1
4870 1
2989 1
0 1
7141 1
366 1
489 1
0 1
9996 1
0 1
0 1
0 1
0 1
0 1
0 1
0 1
0 1
0 1
0 1
4149 1
1362 1
4985 1
0 1
0 1
0 1
0 1
0 1
0 1
0 1
0 1
0 1
0 1
5500 1
0 1
3153 1
1854 1
489 1
0 1
9996 1
0 1
0 1
0 1
0 1
0 1
0 1
0 1
0 1
0 1
0 1
2661 1
1350 1
6485 1
0 1
0 1
0 1
0 1
0 1
0 1
0 1
0 1
0 1
0 1
7165 1
3342 1
489 1
0 1
9996 1
0 1
0 1
0 1
0 1
0 1
0 1
0 1
0 1
0 1
0 1
1173 1
9334 1
489 1
5177 1
4830 1
4489 1
0 1
5681 1
326 1
489 1
0 1
9996 1
0 1
0 1
0 1
0 1
0 1
0 1
0 1
0 1
0 1
0 1
4189 1
6318 1
489 1
0 1
8193 1
1814 1
489 1
0 1
9996 1
0 1
0 1
0 1
0 1
0 1
0 1
0 1
0 1
0 1
0 1
2701 1
7806 1
489 1
0 1
6705 1
3302 1
489 1
0 1
9996 1
0 1
0 1
0 1
0 1
0 1
0 1
0 1
0 1
0 1
0 1
1213 1
9294 1
489 1
5217 1
4790 1
489 1
9721 1
286 1
489 1
0 1
9996 1
0 1
0 1
3000 1
0 1
1229 1
6278 1
489 1
0 1
8233 1
1774 1
489 1
0 1
9996 1
0 1
0 1
0 1
0 1
0 1
0 1
0 1
0 1
0 1
0 1
2741 1
7766 1
489 1
0 1
6745 1
3262 1
489 1
9996 1
0 1
0 1
0 1
0 1
0 1
0 1
0 1
0 1
0 1
0 1
0 1
1253 1
5258 1
3985 1
0 1
0 1
0 1
0 1
0 1
0 1
0 1
0 1
0 1
0 1
4000 1
0 1
1757 1
4750 1
489 1
0 1
9761 1
246 1
489 1
0 1
9996 1
0 1
0 1
0 1
0 1
0 1
0 1
0 1
0 1
0 1
0 1
4269 1
6238 1
489 1
0 1
8273 1
1734 1
489 1
0 1
9996 1
0 1
0 1
0 1
0 1
0 1
0 1
0 1
0 1
0 1
2781 1
3730 1
3985 1
0 1
0 1
0 1
0 1
0 1
0 1
7285 1
3222 1
489 1
0 1
9996 1
0 1
0 1
0 1
0 1
0 1
0 1
1293 1
9214 1
489 1
0 1
5297 1
4710 1
489 1
9801 1
206 1
489 1
0 1
9996 1
0 1
0 1
0 1
0 1
0 1
0 1
4309 1
6198 1
489 1
8313 1
1694 1
489 1
0 1
9996 1
0 1
0 1
0 1
0 1
0 1
2821 1
7686 1
489 1
0 1
6825 1
3182 1
489 1
0 1
9996 1
0 1
0 1
0 1
0 1
0 1
0 1
1333 1
9174 1
489 1
0 1
5337 1
4670 1
489 1
0 1
9841 1
166 1
489 1
9996 1
0 1
0 1
0 1
0 1
0 1
0 1
0 1
0 1
0 1
0 1
4349 1
5162 1
985 1
0 1
0 1
0 1
0 1
0 1
0 1
0 1
0 1
0 1
0 1
8853 1
1654 1
489 1
9996 1
0 1
0 1
0 1
0 1
0 1
0 1
0 1
0 1
0 1
0 1
2861 1
4650 1
2985 1
0 1
0 1
0 1
0 1
0 1
0 1
0 1
0 1
0 1
7365 1
2146 1
985 1
0 1
0 1
0 1
0 1
0 1
0 1
0 1
0 1
0 1
7000 1
0 1
3496 1
0 1
0 1
0 1
0 1
0 1
0 1
0 1
0 1
0 1
1373 1
1138 1
7985 1
0 1
0 1
0 1
0 1
0 1
0 1
0 1
0 1
0 1
0 1
5877 1
4630 1
489 1
0 1
9881 1
126 1
489 1
9996 1
0 1
0 1
0 1
0 1
0 1
0 1
0 1
0 1
0 1
0 1
4389 1
6118 1
489 1
8393 1
1614 1
489 1
9996 1
0 1
0 1
0 1
0 1
0 1
0 1
0 1
0 1
0 1
0 1
2901 1
7606 1
489 1
0 1
6905 1
3102 1
489 1
9996 1
0 1
0 1
0 1
0 1
0 1
1413 1
4098 1
4985 1
0 1
0 1
0 1
0 1
0 1
0 1
0 1
0 1
5917 1
594 1
3985 1
0 1
0 1
0 1
0 1
0 1
0 1
0 1
0 1
0 1
8000 1
2421 1
86 1
489 1
9996 1
0 1
0 1
0 1
0 1
0 1
0 1
0 1
0 1
4429 1
2582 1
3485 1
0 1
0 1
0 1
0 1
0 1
0 1
0 1
0 1
5000 1
0 1
3933 1
1574 1
489 1
0 1
9996 1
0 1
0 1
0 1
0 1
0 1
0 1
0 1
0 1
2941 1
4070 1
3485 1
0 1
0 1
0 1
0 1
0 1
0 1
0 1
0 1
7445 1
3062 1
489 1
0 1
9996 1
0 1
0 1
0 1
0 1
0 1
0 1
0 1
0 1
0 1
1453 1
9054 1
489 1
0 1
5457 1
4550 1
489 1
0 1
9961 1
46 1
489 1
0 1
9996 1
0 1
0 1
0 1
0 1
0 1
0 1
0 1
0 1
4469 1
6038 1
489 1
0 1
8473 1
1534 1
489 1
9996 1
0 1
0 1
0 1
0 1
0 1
0 1
0 1
0 1
0 1
2981 1
2530 1
4985 1
0 1
0 1
0 1
0 1
0 1
0 1
0 1
0 1
7485 1
3022 1
489 1
9996 1
0 1
0 1
0 1
0 1
0 1
0 1
0 1
0 1
1493 1
9014 1
489 1
5497 1
4510 1
489 1
0 1
9996 1
6 1
