489 0
9994 0
0 0
0 0
0 0
0 0
0 0
4517 0
5990 0
8489 0
0 0
521 0
1486 0
489 0
0 0
9996 0
0 0
0 0
0 0
0 0
0 0
3029 0
6982 0
485 0
0 0
0 0
0 0
0 0
0 0
0 0
0 0
6000 0
0 0
1533 0
2974 0
489 0
6500 0
0 0
3496 0
0 0
0 0
0 0
0 0
0 0
0 0
0 0
0 0
0 0
0 0
0 0
0 0
0 0
0 0
0 0
0 0
1541 0
8966 0
489 0
5545 0
966 0
3485 0
0 0
0 0
0 0
0 0
0 0
0 0
0 0
0 0
0 0
0 0
0 0
0 0
0 0
0 0
0 0
0 0
0 0
10496 0
0 0
0 0
0 0
0 0
0 0
0 0
0 0
0 0
0 0
0 0
0 0
0 0
53 0
5458 0
4985 0
0 0
0 0
0 0
0 0
0 0
0 0
0 0
0 0
0 0
0 0
0 0
0 0
0 0
0 0
0 0
0 0
4557 0
454 0
5485 0
0 0
0 0
0 0
0 0
0 0
0 0
0 0
0 0
0 0
0 0
0 0
0 0
0 0
0 0
0 0
0 0
0 0
0 0
0 0
7000 0
0 0
2061 0
1446 0
489 0
0 0
9996 0
0 0
0 0
0 0
0 0
0 0
0 0
0 0
0 0
0 0
0 0
0 0
0 0
0 0
0 0
0 0
0 0
0 0
500 0
0 0
2569 0
7438 0
489 0
5500 0
1573 0
2934 0
489 0
7000 0
2996 0
0 0
0 0
0 0
0 0
0 0
0 0
0 0
1581 0
8926 0
489 0
5585 0
1426 0
2985 0
0 0
0 0
0 0
0 0
0 0
0 0
0 0
0 0
0 0
0 0
0 0
0 0
0 0
0 0
0 0
0 0
10496 0
0 0
0 0
0 0
93 0
10414 0
489 0
4097 0
1414 0
4485 0
0 0
0 0
0 0
0 0
0 0
0 0
0 0
0 0
0 0
0 0
0 0
0 0
0 0
0 0
0 0
0 0
9101 0
1406 0
489 0
7000 0
0 0
2996 0
0 0
0 0
0 0
0 0
0 0
0 0
0 0
0 0
0 0
0 0
0 0
0 0
0 0
0 0
0 0
0 0
0 0
3109 0
6902 0
485 0
0 0
0 0
0 0
0 0
0 0
0 0
0 0
0 0
0 0
0 0
0 0
0 0
7613 0
2894 0
489 0
8000 0
0 0
1996 0
0 0
0 0
0 0
0 0
0 0
0 0
0 0
0 0
0 0
0 0
0 0
0 0
0 0
0 0
0 0
0 0
0 0
0 0
0 0
0 0
0 0
0 0
0 0
0 0
1621 0
3890 0
4985 0
6000 0
125 1
3889 1
482 1
0 1
0 1
0 1
0 1
0 1
0 1
0 1
0 1
0 1
0 1
0 1
0 1
0 1
0 1
10496 1
0 1
0 1
0 1
0 1
0 1
0 1
0 1
0 1
0 1
0 1
0 1
0 1
0 1
0 1
0 1
133 1
878 1
9485 1
0 1
0 1
0 1
0 1
0 1
0 1
0 1
0 1
0 1
4637 1
3374 1
2485 1
0 1
0 1
0 1
0 1
0 1
3000 1
6141 1
370 1
985 1
0 1
0 1
0 1
0 1
0 1
0 1
0 1
0 1
0 1
0 1
0 1
0 1
0 1
0 1
10496 1
0 1
0 1
0 1
0 1
0 1
0 1
0 1
0 1
0 1
0 1
0 1
0 1
0 1
0 1
0 1
0 1
3149 1
1862 1
5485 1
0 1
0 1
0 1
0 1
0 1
0 1
0 1
7653 1
358 1
2485 1
0 1
0 1
0 1
0 1
0 1
0 1
0 1
0 1
0 1
0 1
0 1
0 1
0 1
0 1
0 1
0 1
0 1
10496 1
0 1
0 1
0 1
0 1
0 1
0 1
0 1
0 1
0 1
0 1
0 1
0 1
0 1
0 1
0 1
0 1
0 1
0 1
1661 1
8846 1
489 1
0 1
5665 1
4342 1
489 1
0 1
9996 1
0 1
0 1
0 1
0 1
0 1
0 1
0 1
173 1
10334 1
489 1
0 1
4177 1
5830 1
489 1
0 1
8681 1
1326 1
489 1
7000 1
0 1
2996 1
0 1
0 1
0 1
0 1
0 1
0 1
0 1
0 1
0 1
0 1
0 1
0 1
0 1
0 1
0 1
0 1
0 1
3189 1
2322 1
4985 1
0 1
0 1
0 1
0 1
0 1
0 1
7693 1
318 1
2485 1
0 1
0 1
0 1
0 1
0 1
0 1
0 1
0 1
0 1
0 1
0 1
0 1
0 1
0 1
1500 1
0 1
8996 1
0 1
0 1
0 1
0 1
0 1
0 1
0 1
1701 1
6810 1
1985 1
0 1
0 1
0 1
0 1
0 1
0 1
0 1
0 1
0 1
0 1
0 1
0 1
0 1
0 1
6205 1
4302 1
489 1
0 1
9996 1
0 1
0 1
0 1
0 1
0 1
0 1
0 1
0 1
0 1
0 1
0 1
0 1
0 1
213 1
298 1
9985 1
0 1
0 1
0 1
0 1
0 1
0 1
0 1
0 1
0 1
0 1
0 1
0 1
0 1
0 1
4717 1
5790 1
489 1
8000 1
0 1
721 1
1286 1
489 1
0 1
9996 1
0 1
0 1
0 1
0 1
0 1
0 1
0 1
0 1
3229 1
7278 1
489 1
7000 1
0 1
233 1
5274 1
7985 1
0 1
0 1
0 1
0 1
0 1
0 1
0 1
0 1
0 1
0 1
0 1
0 1
0 1
1741 1
2770 1
5985 1
0 1
0 1
0 1
0 1
0 1
0 1
0 1
0 1
0 1
0 1
0 1
0 1
0 1
6245 1
4262 1
489 1
8500 1
1496 1
0 1
0 1
0 1
0 1
0 1
0 1
0 1
0 1
0 1
253 1
7258 1
2985 1
0 1
0 1
0 1
0 1
0 1
0 1
0 1
0 1
0 1
0 1
0 1
0 1
0 1
0 1
3500 1
0 1
1257 1
5750 1
489 1
0 1
8761 1
1246 1
489 1
7500 1
2496 1
0 1
0 1
0 1
0 1
0 1
0 1
0 1
0 1
0 1
0 1
3269 1
4742 1
2485 1
0 1
0 1
0 1
0 1
0 1
0 1
0 1
0 1
0 1
0 1
0 1
0 1
0 1
0 1
7773 1
738 1
1985 1
0 1
0 1
0 1
0 1
0 1
0 1
0 1
0 1
0 1
0 1
0 1
0 1
0 1
0 1
0 1
0 1
0 1
1500 1
6500 1
2496 1
0 1
0 1
0 1
0 1
0 1
0 1
0 1
0 1
0 1
0 1
0 1
0 1
0 1
0 1
0 1
0 1
0 1
0 1
1781 1
6230 1
2485 1
0 1
0 1
0 1
0 1
0 1
0 1
0 1
0 1
0 1
0 1
0 1
0 1
0 1
0 1
6285 1
726 1
3485 1
0 1
0 1
0 1
0 1
0 1
0 1
10496 1
0 1
0 1
0 1
0 1
0 1
0 1
0 1
0 1
0 1
0 1
0 1
0 1
293 1
7218 1
2985 1
0 1
0 1
0 1
0 1
0 1
0 1
0 1
0 1
0 1
0 1
0 1
0 1
0 1
0 1
0 1
0 1
0 1
0 1
2000 1
2797 1
4714 1
985 1
0 1
0 1
0 1
0 1
0 1
0 1
0 1
0 1
0 1
0 1
0 1
0 1
2000 1
0 1
7301 1
1206 1
489 1
0 1
9996 1
0 1
0 1
0 1
0 1
0 1
0 1
0 1
0 1
0 1
0 1
0 1
0 1
0 1
0 1
3309 1
7198 1
489 1
7313 1
1698 1
985 1
0 1
0 1
0 1
0 1
0 1
0 1
0 1
0 1
0 1
0 1
0 1
0 1
0 1
0 1
0 1
0 1
0 1
0 1
0 1
0 1
2000 1
7000 1
1496 1
0 1
0 1
0 1
0 1
0 1
0 1
0 1
0 1
0 1
1821 1
2690 1
5985 1
0 1
0 1
0 1
0 1
0 1
0 1
0 1
0 1
0 1
0 1
0 1
0 1
0 1
0 1
0 1
0 1
6325 1
4182 1
489 1
7500 1
2496 1
0 1
0 1
0 1
0 1
0 1
0 1
0 1
0 1
0 1
0 1
0 1
0 1
0 1
0 1
0 1
0 1
0 1
333 1
10174 1
489 1
0 1
4337 1
5670 1
489 1
8000 1
841 1
1166 1
4989 1
0 1
5496 1
0 1
0 1
0 1
0 1
0 1
0 1
0 1
0 1
0 1
0 1
0 1
0 1
0 1
0 1
0 1
0 1
3349 1
5662 1
1485 1
0 1
0 1
0 1
0 1
0 1
0 1
0 1
0 1
0 1
0 1
0 1
0 1
0 1
0 1
0 1
4500 1
3353 1
2654 1
489 1
9000 1
996 1
0 1
0 1
0 1
0 1
0 1
0 1
0 1
0 1
0 1
0 1
0 1
1861 1
4150 1
4485 1
0 1
0 1
0 1
0 1
0 1
0 1
0 1
0 1
0 1
0 1
0 1
0 1
0 1
0 1
6365 1
4142 1
489 1
5000 1
4996 1
0 1
0 1
0 1
0 1
0 1
0 1
0 1
0 1
0 1
0 1
0 1
0 1
0 1
0 1
0 1
373 1
6138 1
3985 1
0 1
0 1
0 1
0 1
0 1
0 1
0 1
0 1
0 1
0 1
0 1
0 1
0 1
0 1
0 1
3000 1
0 1
1877 1
5630 1
489 1
0 1
8881 1
1126 1
489 1
9996 1
0 1
0 1
0 1
0 1
0 1
0 1
0 1
0 1
0 1
0 1
0 1
0 1
0 1
2000 1
0 1
1389 1
7118 1
489 1
7393 1
1118 1
1485 1
0 1
0 1
0 1
0 1
0 1
0 1
0 1
0 1
0 1
0 1
5500 1
4996 1
0 1
0 1
0 1
0 1
0 1
0 1
0 1
0 1
0 1
0 1
0 1
0 1
0 1
0 1
0 1
0 1
1901 1
8606 1
489 1
0 1
5905 1
4102 1
489 1
0 1
9996 1
0 1
0 1
0 1
0 1
0 1
0 1
0 1
0 1
0 1
0 1
0 1
0 1
0 1
0 1
0 1
0 1
413 1
7598 1
2485 1
0 1
0 1
0 1
0 1
0 1
0 1
0 1
0 1
0 1
0 1
0 1
0 1
0 1
0 1
4917 1
5590 1
489 1
8000 1
0 1
921 1
1086 1
489 1
0 1
9996 1
0 1
0 1
0 1
0 1
0 1
0 1
0 1
0 1
0 1
0 1
0 1
0 1
3429 1
3082 1
3985 1
0 1
0 1
0 1
0 1
0 1
0 1
0 1
0 1
0 1
0 1
0 1
0 1
2500 1
0 1
5433 1
2574 1
489 1
8500 1
1496 1
0 1
0 1
0 1
0 1
0 1
0 1
0 1
0 1
0 1
0 1
0 1
0 1
0 1
0 1
1941 1
6570 1
1985 1
0 1
0 1
0 1
0 1
0 1
0 1
0 1
0 1
0 1
0 1
0 1
0 1
0 1
0 1
0 1
6445 1
1066 1
2985 1
0 1
0 1
0 1
0 1
0 1
0 1
0 1
0 1
0 1
0 1
0 1
0 1
0 1
0 1
2500 1
3500 1
0 1
4496 1
0 1
0 1
0 1
0 1
0 1
0 1
0 1
0 1
0 1
0 1
0 1
0 1
0 1
0 1
453 1
3558 1
6485 1
0 1
0 1
0 1
0 1
0 1
0 1
0 1
0 1
0 1
0 1
0 1
0 1
0 1
0 1
0 1
4957 1
5550 1
489 1
8961 1
1046 1
489 1
0 1
9996 1
0 1
0 1
0 1
0 1
0 1
0 1
0 1
0 1
0 1
0 1
0 1
0 1
0 1
0 1
0 1
3469 1
2042 1
4985 1
0 1
0 1
0 1
0 1
0 1
0 1
0 1
0 1
0 1
0 1
0 1
0 1
0 1
0 1
0 1
0 1
0 1
0 1
0 1
7973 1
2534 1
489 1
0 1
9996 1
0 1
0 1
0 1
0 1
0 1
0 1
0 1
0 1
0 1
0 1
0 1
0 1
0 1
1981 1
2030 1
6485 1
0 1
0 1
0 1
0 1
0 1
0 1
0 1
0 1
0 1
0 1
0 1
0 1
0 1
0 1
0 1
6485 1
2526 1
1485 1
0 1
0 1
0 1
0 1
0 1
0 1
0 1
0 1
0 1
0 1
0 1
0 1
0 1
0 1
0 1
7500 1
2996 1
0 1
0 1
0 1
0 1
0 1
0 1
0 1
0 1
0 1
0 1
0 1
0 1
0 1
0 1
0 1
0 1
493 1
10014 1
489 1
3000 1
1497 1
5510 1
489 1
8500 1
0 1
501 1
1006 1
489 1
8500 1
1496 1
0 1
0 1
0 1
0 1
0 1
0 1
0 1
0 1
0 1
0 1
0 1
0 1
0 1
0 1
3509 1
1502 1
5485 1
0 1
0 1
0 1
0 1
0 1
0 1
0 1
0 1
0 1
0 1
0 1
0 1
0 1
0 1
0 1
8013 1
2494 1
2989 1
0 1
7496 1
0 1
0 1
0 1
0 1
0 1
0 1
0 1
0 1
0 1
0 1
0 1
0 1
0 1
2021 1
7490 1
985 1
0 1
0 1
0 1
0 1
0 1
0 1
0 1
0 1
0 1
0 1
0 1
0 1
0 1
6525 1
3982 1
489 1
8500 1
1496 1
0 1
0 1
0 1
0 1
0 1
0 1
0 1
0 1
0 1
0 1
0 1
0 1
0 1
0 1
0 1
533 1
7978 1
1985 1
0 1
0 1
0 1
0 1
0 1
0 1
0 1
0 1
0 1
0 1
0 1
0 1
0 1
0 1
0 1
5037 1
5470 1
489 1
0 1
9041 1
966 1
489 1
9000 1
0 1
996 1
0 1
0 1
0 1
0 1
0 1
0 1
0 1
0 1
0 1
0 1
0 1
0 1
0 1
0 1
3549 1
6958 1
489 1
0 1
7553 1
2454 1
489 1
0 1
9996 1
0 1
0 1
0 1
0 1
0 1
0 1
0 1
0 1
0 1
0 1
0 1
0 1
0 1
0 1
2061 1
4950 1
3485 1
0 1
0 1
0 1
0 1
0 1
0 1
0 1
0 1
0 1
0 1
0 1
0 1
0 1
6565 1
3942 1
489 1
9000 1
0 1
996 1
0 1
0 1
0 1
0 1
0 1
0 1
0 1
0 1
0 1
0 1
0 1
0 1
0 1
573 1
9934 1
489 1
0 1
4577 1
5430 1
489 1
0 1
9081 1
926 1
489 1
9000 1
996 1
0 1
0 1
0 1
0 1
0 1
0 1
0 1
0 1
0 1
0 1
0 1
0 1
0 1
0 1
3589 1
6918 1
489 1
7593 1
1418 1
985 1
0 1
0 1
0 1
0 1
0 1
0 1
0 1
0 1
0 1
0 1
0 1
0 1
0 1
6000 1
4496 1
0 1
0 1
0 1
0 1
0 1
0 1
0 1
0 1
0 1
0 1
0 1
0 1
0 1
0 1
0 1
2101 1
7410 1
985 1
0 1
0 1
0 1
0 1
0 1
0 1
0 1
0 1
0 1
0 1
0 1
0 1
0 1
0 1
6605 1
3902 1
489 1
9000 1
0 1
996 1
0 1
0 1
0 1
0 1
0 1
0 1
0 1
0 1
0 1
613 1
9894 1
489 1
4617 1
5390 1
489 1
0 1
9121 1
886 1
489 1
9000 1
996 1
0 1
0 1
0 1
0 1
0 1
0 1
0 1
0 1
0 1
0 1
0 1
0 1
0 1
0 1
3629 1
3882 1
2985 1
0 1
0 1
0 1
0 1
0 1
0 1
0 1
0 1
0 1
0 1
0 1
0 1
0 1
0 1
8133 1
2374 1
489 1
9500 1
0 1
496 1
0 1
0 1
0 1
0 1
0 1
0 1
0 1
0 1
0 1
0 1
0 1
2141 1
3370 1
4985 1
0 1
0 1
0 1
0 1
0 1
0 1
0 1
0 1
0 1
0 1
6500 1
145 1
3862 1
489 1
9996 1
0 1
0 1
0 1
0 1
0 1
0 1
0 1
0 1
0 1
0 1
0 1
0 1
653 1
9854 1
489 1
0 1
4657 1
5350 1
2489 1
7161 1
846 1
1489 1
0 1
8996 1
0 1
0 1
0 1
0 1
0 1
0 1
0 1
0 1
0 1
0 1
0 1
0 1
0 1
1500 1
2169 1
6342 1
485 1
0 1
0 1
0 1
0 1
0 1
0 1
0 1
0 1
0 1
0 1
0 1
0 1
0 1
8173 1
2334 1
489 1
9000 1
996 1
0 1
0 1
0 1
0 1
0 1
0 1
0 1
0 1
0 1
0 1
0 1
0 1
0 1
2181 1
830 1
7485 1
0 1
0 1
0 1
0 1
0 1
0 1
0 1
0 1
0 1
0 1
0 1
0 1
0 1
0 1
6685 1
3822 1
489 1
9500 1
496 1
0 1
0 1
0 1
0 1
0 1
0 1
0 1
0 1
0 1
0 1
0 1
0 1
0 1
0 1
693 1
9814 1
489 1
4697 1
5310 1
489 1
9201 1
310 1
485 1
0 1
0 1
0 1
0 1
0 1
0 1
0 1
0 1
0 1
0 1
10496 1
0 1
0 1
0 1
0 1
0 1
0 1
0 1
0 1
0 1
0 1
0 1
0 1
3709 1
4802 1
1985 1
0 1
0 1
0 1
0 1
0 1
0 1
0 1
0 1
2500 1
5713 1
2294 1
489 1
0 1
9996 1
0 1
0 1
0 1
0 1
0 1
0 1
0 1
0 1
2221 1
4790 1
3485 1
0 1
0 1
0 1
0 1
0 1
0 1
0 1
0 1
0 1
6725 1
3782 1
489 1
0 1
9996 1
0 1
0 1
0 1
0 1
0 1
0 1
0 1
733 1
7778 1
1985 1
0 1
0 1
0 1
0 1
0 1
0 1
0 1
0 1
0 1
0 1
0 1
0 1
5000 1
0 1
237 1
5270 1
489 1
9241 1
270 1
485 1
0 1
0 1
0 1
0 1
0 1
0 1
0 1
0 1
0 1
0 1
0 1
0 1
0 1
0 1
0 1
5000 1
5496 1
0 1
0 1
0 1
0 1
0 1
0 1
0 1
0 1
3749 1
6262 1
485 1
0 1
0 1
0 1
0 1
0 1
0 1
0 1
0 1
0 1
0 1
0 1
2500 1
5753 1
2254 1
489 1
9996 1
0 1
0 1
0 1
0 1
0 1
0 1
0 1
0 1
0 1
0 1
0 1
0 1
0 1
0 1
2261 1
8246 1
489 1
6265 1
3246 1
485 1
0 1
0 1
0 1
0 1
0 1
0 1
0 1
0 1
0 1
0 1
0 1
0 1
8500 1
0 1
1996 1
0 1
0 1
0 1
0 1
0 1
0 1
0 1
0 1
0 1
0 1
0 1
0 1
0 1
773 1
9734 1
5266 1
234 1
4985 1
0 1
0 1
0 1
0 1
0 1
0 1
0 1
0 1
0 1
0 1
0 1
0 1
1000 1
8500 1
0 1
281 1
726 1
489 1
9500 1
496 1
0 1
0 1
0 1
0 1
0 1
0 1
0 1
0 1
0 1
0 1
0 1
3789 1
6718 1
1489 1
6793 1
2214 1
489 1
0 1
9996 1
0 1
0 1
0 1
0 1
0 1
0 1
0 1
0 1
0 1
0 1
0 1
0 1
1000 1
1301 1
7710 1
485 1
0 1
0 1
0 1
0 1
0 1
0 1
0 1
0 1
0 1
0 1
0 1
0 1
6805 1
3702 1
489 1
9500 1
0 1
496 1
0 1
0 1
0 1
0 1
0 1
0 1
0 1
0 1
0 1
0 1
0 1
813 1
6698 1
2985 1
0 1
0 1
0 1
0 1
0 1
0 1
0 1
0 1
0 1
0 1
0 1
0 1
0 1
5317 1
5190 1
489 1
9321 1
686 1
489 1
9500 1
496 1
0 1
0 1
0 1
0 1
0 1
0 1
0 1
0 1
0 1
0 1
0 1
0 1
3829 1
2682 1
3985 1
0 1
0 1
0 1
0 1
0 1
0 1
0 1
0 1
0 1
0 1
0 1
0 1
0 1
8333 1
1678 1
485 1
0 1
0 1
0 1
0 1
0 1
0 1
0 1
0 1
0 1
0 1
0 1
0 1
10496 1
0 1
0 1
0 1
0 1
0 1
0 1
0 1
0 1
0 1
0 1
0 1
0 1
2341 1
1670 1
6485 1
0 1
0 1
0 1
0 1
0 1
0 1
0 1
0 1
0 1
0 1
0 1
0 1
4500 1
2345 1
3662 1
489 1
9500 1
496 1
0 1
0 1
0 1
0 1
0 1
0 1
0 1
0 1
0 1
0 1
0 1
0 1
0 1
853 1
4658 1
4985 1
0 1
0 1
0 1
0 1
0 1
0 1
0 1
0 1
0 1
0 1
0 1
0 1
0 1
5357 1
5150 1
489 1
9361 1
150 1
485 1
0 1
0 1
0 1
0 1
0 1
0 1
0 1
0 1
0 1
0 1
0 1
0 1
7000 1
3496 1
0 1
0 1
0 1
0 1
0 1
0 1
0 1
0 1
0 1
0 1
0 1
0 1
0 1
0 1
3869 1
5142 1
1485 1
0 1
0 1
0 1
0 1
0 1
0 1
0 1
0 1
0 1
0 1
0 1
0 1
0 1
8373 1
2134 1
489 1
0 1
9996 1
0 1
0 1
0 1
0 1
0 1
0 1
0 1
0 1
0 1
0 1
0 1
2381 1
6630 1
1485 1
0 1
0 1
0 1
0 1
0 1
0 1
0 1
0 1
0 1
0 1
0 1
1000 1
5885 1
2626 1
985 1
0 1
0 1
0 1
0 1
0 1
0 1
0 1
0 1
0 1
0 1
0 1
4000 1
0 1
6496 1
0 1
0 1
0 1
0 1
0 1
0 1
0 1
0 1
0 1
0 1
0 1
0 1
0 1
893 1
9614 1
489 1
4897 1
5110 1
489 1
9401 1
110 1
485 1
0 1
0 1
0 1
0 1
0 1
0 1
0 1
0 1
0 1
0 1
0 1
0 1
10496 1
0 1
0 1
0 1
0 1
0 1
0 1
0 1
0 1
0 1
0 1
0 1
0 1
0 1
0 1
3909 1
2102 1
4485 1
0 1
0 1
0 1
0 1
0 1
0 1
0 1
0 1
0 1
0 1
0 1
0 1
0 1
8413 1
2094 1
489 1
9500 1
496 1
0 1
0 1
0 1
0 1
0 1
0 1
0 1
0 1
0 1
0 1
0 1
0 1
0 1
2421 1
8086 1
489 1
6425 1
3582 1
489 1
9996 1
0 1
0 1
0 1
0 1
0 1
0 1
0 1
0 1
933 1
9574 1
489 1
4937 1
4574 1
485 1
0 1
0 1
0 1
0 1
0 1
0 1
0 1
0 1
0 1
0 1
0 1
9000 1
0 1
941 1
566 1
489 1
9996 1
0 1
0 1
0 1
0 1
0 1
0 1
0 1
0 1
0 1
0 1
0 1
0 1
0 1
3949 1
1062 1
5485 1
0 1
0 1
0 1
0 1
0 1
0 1
0 1
0 1
0 1
0 1
0 1
0 1
1500 1
6953 1
1558 1
485 1
0 1
0 1
0 1
0 1
0 1
0 1
0 1
0 1
0 1
0 1
0 1
0 1
10496 1
0 1
0 1
0 1
0 1
0 1
0 1
0 1
0 1
0 1
0 1
0 1
0 1
0 1
0 1
2461 1
8046 1
489 1
6465 1
3542 1
489 1
0 1
9996 1
0 1
0 1
0 1
0 1
0 1
0 1
0 1
0 1
0 1
0 1
0 1
0 1
973 1
9534 1
489 1
0 1
4977 1
5030 1
489 1
6000 1
3481 1
526 1
489 1
0 1
9996 1
0 1
0 1
0 1
0 1
0 1
0 1
0 1
0 1
0 1
0 1
0 1
0 1
0 1
3989 1
6518 1
489 1
7993 1
2014 1
489 1
0 1
9996 1
0 1
0 1
0 1
0 1
0 1
0 1
0 1
0 1
0 1
0 1
0 1
0 1
2501 1
1510 1
6485 1
0 1
0 1
0 1
0 1
0 1
0 1
0 1
0 1
0 1
0 1
0 1
0 1
7000 1
6 1
3490 1
0 1
0 1
0 1
0 1
0 1
0 1
0 1
0 1
0 1
0 1
0 1
0 1
8000 1
0 1
2496 1
0 1
0 1
0 1
0 1
0 1
0 1
0 1
0 1
0 1
0 1
0 1
0 1
1014 1
9493 1
489 1
5018 1
4989 1
489 1
9522 1
485 1
489 1
0 1
9996 1
0 1
0 1
0 1
0 1
0 1
0 1
0 1
0 1
0 1
0 1
4030 1
2481 1
3985 1
0 1
0 1
0 1
0 1
0 1
0 1
0 1
0 1
0 1
0 1
0 1
0 1
8534 1
1973 1
489 1
0 1
9996 1
0 1
0 1
0 1
0 1
0 1
0 1
0 1
0 1
0 1
0 1
0 1
0 1
2542 1
7965 1
489 1
6546 1
3461 1
489 1
0 1
9996 1
0 1
0 1
0 1
0 1
0 1
0 1
0 1
0 1
0 1
0 1
0 1
0 1
500 1
554 1
8957 1
485 1
0 1
0 1
0 1
0 1
0 1
0 1
0 1
0 1
0 1
0 1
0 1
0 1
5558 1
4949 1
489 1
9562 1
445 1
489 1
9996 1
0 1
0 1
0 1
0 1
0 1
0 1
0 1
0 1
4070 1
6437 1
489 1
8074 1
1933 1
489 1
0 1
9996 1
0 1
0 1
0 1
0 1
0 1
0 1
0 1
0 1
0 1
0 1
0 1
0 1
2582 1
929 1
6985 1
0 1
0 1
0 1
0 1
0 1
0 1
0 1
0 1
0 1
0 1
0 1
0 1
7086 1
3421 1
489 1
9996 1
0 1
0 1
0 1
0 1
0 1
0 1
0 1
0 1
0 1
0 1
0 1
0 1
1094 1
1417 1
7985 1
0 1
0 1
0 1
0 1
0 1
0 1
0 1
0 1
0 1
0 1
0 1
0 1
4000 1
0 1
1598 1
4909 1
489 1
9602 1
405 1
489 1
9996 1
0 1
0 1
0 1
0 1
0 1
0 1
0 1
0 1
0 1
0 1
0 1
0 1
4110 1
5401 1
985 1
0 1
0 1
0 1
0 1
0 1
0 1
0 1
0 1
0 1
0 1
0 1
8000 1
0 1
614 1
1893 1
489 1
0 1
9996 1
0 1
0 1
0 1
0 1
0 1
0 1
0 1
0 1
0 1
0 1
0 1
0 1
2622 1
7389 1
485 1
0 1
0 1
0 1
0 1
0 1
0 1
0 1
0 1
0 1
0 1
0 1
2500 1
4626 1
3381 1
489 1
0 1
9996 1
0 1
0 1
0 1
0 1
0 1
0 1
0 1
0 1
0 1
0 1
0 1
1134 1
1877 1
7485 1
0 1
0 1
0 1
0 1
0 1
0 1
0 1
0 1
0 1
0 1
0 1
0 1
5638 1
3373 1
1485 1
0 1
0 1
0 1
0 1
0 1
0 1
0 1
0 1
0 1
0 1
0 1
0 1
9500 1
642 1
365 1
489 1
0 1
9996 1
0 1
0 1
0 1
0 1
0 1
0 1
0 1
0 1
0 1
0 1
0 1
0 1
4150 1
6357 1
489 1
8154 1
1853 1
489 1
9996 1
0 1
0 1
0 1
0 1
0 1
0 1
0 1
0 1
0 1
2662 1
6849 1
985 1
0 1
0 1
0 1
0 1
0 1
0 1
0 1
0 1
0 1
0 1
0 1
2000 1
5166 1
3341 1
489 1
9996 1
0 1
0 1
0 1
0 1
0 1
0 1
0 1
0 1
0 1
0 1
0 1
0 1
0 1
1174 1
9333 1
489 1
0 1
5178 1
4829 1
489 1
9682 1
325 1
489 1
9996 1
0 1
0 1
0 1
0 1
0 1
0 1
0 1
0 1
0 1
0 1
0 1
0 1
500 1
3690 1
5821 1
485 1
0 1
0 1
0 1
0 1
0 1
0 1
0 1
0 1
0 1
0 1
0 1
8694 1
1813 1
489 1
9996 1
0 1
0 1
0 1
0 1
0 1
0 1
0 1
0 1
0 1
0 1
0 1
0 1
0 1
0 1
0 1
2702 1
809 1
6985 1
0 1
0 1
0 1
0 1
0 1
0 1
0 1
7206 1
3301 1
489 1
9996 1
0 1
0 1
0 1
0 1
0 1
0 1
0 1
0 1
0 1
0 1
0 1
0 1
0 1
1214 1
9293 1
489 1
5218 1
4789 1
489 1
9722 1
285 1
489 1
9996 1
0 1
0 1
0 1
0 1
0 1
0 1
0 1
0 1
0 1
0 1
0 1
0 1
0 1
4230 1
6277 1
489 1
8234 1
1773 1
489 1
9996 1
0 1
0 1
0 1
0 1
0 1
0 1
0 1
0 1
0 1
0 1
0 1
0 1
2742 1
7765 1
489 1
0 1
6746 1
3261 1
489 1
0 1
9996 1
0 1
0 1
0 1
0 1
0 1
0 1
0 1
0 1
0 1
0 1
0 1
1254 1
2757 1
6485 1
0 1
0 1
0 1
0 1
0 1
0 1
0 1
0 1
0 1
0 1
0 1
1000 1
4758 1
4749 1
489 1
0 1
9762 1
245 1
489 1
9996 1
0 1
0 1
0 1
0 1
0 1
0 1
0 1
0 1
0 1
0 1
0 1
0 1
0 1
4270 1
6237 1
489 1
0 1
8274 1
1733 1
489 1
9996 1
0 1
0 1
0 1
0 1
0 1
0 1
0 1
0 1
0 1
0 1
0 1
0 1
2782 1
2729 1
4985 1
0 1
0 1
0 1
0 1
0 1
0 1
0 1
0 1
0 1
0 1
0 1
0 1
7286 1
3221 1
489 1
0 1
9996 1
0 1
0 1
0 1
0 1
0 1
0 1
0 1
0 1
0 1
0 1
0 1
1294 1
9213 1
489 1
0 1
5298 1
4709 1
489 1
0 1
9802 1
205 1
489 1
9996 1
0 1
0 1
0 1
0 1
0 1
0 1
0 1
0 1
0 1
0 1
0 1
0 1
0 1
4310 1
5701 1
485 1
0 1
0 1
0 1
0 1
0 1
0 1
0 1
0 1
0 1
0 1
0 1
3500 1
0 1
5314 1
1693 1
489 1
0 1
9996 1
0 1
0 1
0 1
0 1
0 1
0 1
0 1
0 1
0 1
0 1
0 1
2822 1
189 1
7485 1
0 1
0 1
0 1
0 1
0 1
0 1
0 1
0 1
0 1
0 1
0 1
0 1
7326 1
3181 1
489 1
0 1
9996 1
0 1
0 1
0 1
0 1
0 1
0 1
0 1
0 1
0 1
0 1
0 1
0 1
0 1
0 1
0 1
1334 1
9173 1
489 1
5338 1
4669 1
489 1
0 1
9842 1
165 1
489 1
0 1
9996 1
0 1
0 1
0 1
0 1
0 1
0 1
0 1
0 1
0 1
0 1
0 1
2500 1
1850 1
6157 1
489 1
8354 1
1653 1
489 1
9996 1
0 1
0 1
0 1
0 1
0 1
0 1
0 1
0 1
0 1
0 1
0 1
0 1
2862 1
149 1
7485 1
0 1
0 1
0 1
0 1
0 1
0 1
0 1
0 1
0 1
0 1
0 1
0 1
7366 1
3141 1
489 1
9996 1
0 1
0 1
0 1
0 1
0 1
0 1
0 1
0 1
0 1
0 1
0 1
0 1
1374 1
9133 1
489 1
5378 1
4629 1
489 1
9882 1
125 1
489 1
9996 1
0 1
0 1
0 1
0 1
0 1
0 1
0 1
0 1
0 1
0 1
0 1
4390 1
1621 1
4485 1
0 1
0 1
0 1
0 1
0 1
0 1
0 1
0 1
0 1
0 1
0 1
500 1
8394 1
1613 1
489 1
9996 1
0 1
0 1
0 1
0 1
0 1
0 1
0 1
0 1
0 1
0 1
0 1
0 1
2902 1
7605 1
489 1
0 1
6906 1
3101 1
489 1
9996 1
0 1
0 1
0 1
0 1
0 1
0 1
0 1
0 1
0 1
0 1
0 1
0 1
1414 1
6097 1
2985 1
0 1
0 1
0 1
0 1
0 1
0 1
0 1
0 1
0 1
0 1
0 1
5918 1
4589 1
489 1
0 1
9922 1
85 1
489 1
9996 1
0 1
0 1
0 1
0 1
0 1
0 1
0 1
0 1
0 1
4000 1
430 1
6077 1
489 1
0 1
8434 1
1573 1
489 1
0 1
9996 1
0 1
0 1
0 1
0 1
0 1
0 1
0 1
0 1
0 1
0 1
0 1
2942 1
2569 1
4985 1
0 1
0 1
0 1
0 1
0 1
0 1
0 1
0 1
0 1
0 1
0 1
7446 1
1065 1
1985 1
0 1
0 1
0 1
0 1
0 1
0 1
0 1
0 1
0 1
0 1
0 1
10496 1
0 1
0 1
0 1
0 1
0 1
0 1
0 1
0 1
0 1
0 1
0 1
0 1
0 1
1454 1
9053 1
489 1
5458 1
4549 1
489 1
0 1
9962 1
45 1
489 1
0 1
9996 1
0 1
0 1
0 1
0 1
0 1
0 1
0 1
0 1
0 1
0 1
0 1
4470 1
4041 1
1985 1
0 1
0 1
0 1
0 1
0 1
0 1
0 1
0 1
0 1
0 1
8974 1
1533 1
489 1
0 1
9996 1
0 1
0 1
0 1
0 1
0 1
0 1
0 1
0 1
0 1
0 1
2982 1
7525 1
489 1
6986 1
3021 1
489 1
0 1
9996 1
0 1
0 1
0 1
0 1
0 1
0 1
0 1
0 1
0 1
0 1
0 1
1494 1
9013 1
489 1
0 1
5498 1
4509 1
489 1
9996 1
5 1
