10483
0
4517
5990
9010
1486
489
0
9996
0
0
0
0
0
0
0
0
0
0
0
0
0
0
0
0
0
0
0
3029
4982
2485
0
0
0
0
0
0
0
0
0
0
0
0
0
7533
2974
489
0
9996
0
0
0
0
0
0
0
0
0
0
0
0
0
0
0
0
0
0
1541
8470
485
0
0
0
0
0
0
0
0
0
0
0
0
0
0
0
0
0
0
6045
1466
2985
0
0
0
0
0
0
0
0
0
0
0
0
0
0
0
6000
4496
0
0
0
0
0
0
0
0
0
0
0
0
0
0
53
10454
489
4057
2954
2985
0
9061
1446
489
6500
3496
0
0
0
0
0
0
0
0
0
0
0
0
0
0
0
0
0
0
0
0
1000
2069
3442
3985
0
0
0
0
0
0
0
0
0
0
0
0
0
0
0
0
0
0
4500
3073
2934
489
7000
0
2996
0
0
0
0
0
0
0
0
0
0
0
0
0
0
0
0
0
0
0
0
1581
3430
5485
0
0
0
0
0
0
0
0
0
0
0
0
0
0
0
0
0
0
0
1000
0
5085
4422
489
7500
0
2496
0
0
93
10414
489
0
4097
5910
489
0
8601
1406
489
9996
0
0
0
0
0
0
0
1000
2109
4402
2985
0
0
0
0
0
0
0
0
0
7613
2894
489
0
9996
0
0
0
0
0
0
0
0
0
0
0
0
0
0
0
0
0
0
0
500
1121
4890
3985
0
0
0
0
0
0
0
0
0
0
0
0
0
0
0
0
0
0
3000
3125
3386
985
0
0
0
0
0
0
0
1500
6000
2996
0
0
0
0
0
0
0
0
0
133
10374
489
0
4137
5870
489
7000
1641
1366
489
7000
2996
0
0
0
0
0
0
0
0
0
0
0
0
0
0
3149
6862
485
0
0
0
0
0
7653
2854
489
0
9996
0
0
0
1661
850
7985
0
0
0
0
0
0
0
0
0
0
0
0
0
0
0
0
2500
3665
4342
489
7500
2496
0
0
0
0
0
0
173
10334
489
0
4177
5830
489
0
8681
1326
489
7500
0
2496
0
0
0
0
0
0
0
0
0
0
0
0
0
0
0
0
0
1000
2189
4822
2485
0
0
0
7693
2814
489
7500
0
2496
0
0
0
0
0
0
0
0
0
0
0
1701
8806
489
0
5705
4302
489
8500
0
1496
0
0
0
0
0
0
0
0
0
0
0
0
0
0
0
0
0
213
10294
489
4217
3794
1985
0
9221
1286
489
0
9996
0
0
0
0
0
0
0
0
0
0
0
0
0
0
0
0
0
0
3229
7278
2489
0
5233
2774
489
0
9996
0
0
0
0
0
0
0
0
0
0
1741
770
7985
0
0
0
0
0
0
0
0
0
0
0
0
0
0
0
6245
4262
489
8000
1996
0
0
0
0
0
0
0
0
0
0
0
0
0
0
253
9758
485
0
0
0
0
0
0
0
2500
2257
4254
1485
0
0
0
0
0
0
0
0
0
0
0
0
0
0
9261
1246
489
8000
1996
0
0
0
0
0
0
0
0
0
0
0
0
0
0
0
0
0
3269
4742
2485
0
0
0
0
0
0
0
0
0
0
0
0
0
0
7773
2734
489
9996
0
0
0
0
0
0
0
1781
2730
5985
0
0
0
0
0
0
0
0
0
0
0
0
0
0
6285
4222
489
9500
496
0
0
0
0
0
0
0
0
0
0
0
293
5718
4485
0
0
0
0
0
0
0
0
0
0
0
0
0
4797
5710
489
8500
301
1206
489
9500
0
496
0
0
0
0
0
0
0
0
3309
6202
985
0
0
0
0
0
0
0
0
0
0
0
0
0
0
0
0
1500
6313
698
1985
0
0
0
0
0
0
0
0
0
0
0
0
0
0
0
0
8500
1996
0
0
0
0
0
0
0
0
0
0
0
0
0
0
0
0
0
500
1321
5190
3485
0
0
0
0
0
0
0
0
0
0
0
0
0
0
0
0
6325
3686
485
0
0
0
0
0
0
0
0
0
0
0
0
0
0
0
0
10496
0
0
333
3178
6985
0
0
0
0
0
0
0
0
0
0
0
0
0
0
4837
5670
489
8000
0
841
1166
489
0
9996
0
0
0
0
0
0
0
0
0
0
0
0
0
0
0
0
3349
7158
489
7353
1158
1485
0
0
0
0
0
0
0
0
0
0
0
0
0
0
3500
6996
0
0
0
0
0
0
0
0
0
0
0
0
0
500
1361
5650
2985
0
0
0
0
0
0
0
0
0
0
0
6365
4142
489
8500
0
1496
0
0
0
0
0
0
0
0
0
0
373
1138
8985
0
0
0
0
0
0
0
0
0
0
0
0
0
0
0
3000
1877
5630
489
8500
381
1126
489
9996
0
0
0
0
0
0
0
0
0
0
0
0
0
0
0
3389
3622
3485
0
0
0
0
0
0
0
0
0
0
0
0
0
0
0
0
7893
2614
489
8500
1496
0
0
0
0
0
0
0
0
0
0
0
0
0
0
0
0
1901
8606
489
0
5905
4102
489
8500
1496
0
0
0
0
0
0
0
0
413
4098
5985
0
0
0
0
0
0
0
0
0
4917
5590
489
8500
0
421
1086
489
9500
0
496
0
0
3429
7078
489
7433
2574
489
8500
1496
0
0
0
0
0
0
0
0
0
0
0
0
0
0
0
1941
4070
4485
0
0
0
6445
4062
489
0
9996
0
0
0
0
0
0
0
0
0
0
0
0
0
0
0
453
5558
4485
0
0
0
0
0
0
0
0
0
0
0
0
0
0
0
4000
957
5550
489
8500
0
461
1046
489
0
9996
0
0
0
0
0
0
0
0
0
0
0
0
0
0
0
0
0
0
0
0
0
0
0
3469
7038
489
7473
1038
1485
0
0
0
0
0
0
0
0
0
0
0
0
0
8500
0
1996
0
0
0
0
0
0
0
0
0
0
0
0
1981
6030
2485
0
0
0
0
0
0
0
0
0
0
0
0
0
0
0
6485
4022
489
0
9996
0
0
0
0
0
493
10014
489
4497
4514
985
0
0
0
0
0
0
0
0
3000
0
6501
1006
489
9000
0
996
0
0
0
0
0
0
0
0
0
0
0
0
0
3509
6998
489
7500
0
13
2494
489
9996
0
0
0
0
0
0
0
0
0
0
0
0
0
0
2021
8486
489
6025
2986
985
0
0
0
0
0
0
0
0
0
0
0
0
0
2500
7996
0
0
0
0
0
0
0
0
0
0
0
0
0
0
0
0
533
9974
489
0
4537
5470
489
9000
41
966
489
9000
996
0
0
0
0
0
0
0
0
0
0
0
0
0
0
500
3049
5462
1485
0
0
0
0
0
0
0
0
0
0
0
0
0
0
8053
2454
489
0
9996
0
0
0
0
0
0
0
0
0
0
0
0
2061
5950
2485
0
0
0
0
0
0
0
0
0
0
0
0
0
6565
3942
489
9000
0
996
0
0
0
0
0
0
0
0
0
0
0
0
0
573
4438
5485
0
0
0
0
0
0
0
0
0
0
0
0
0
5077
5430
489
9000
0
81
926
489
0
9996
0
0
0
0
0
0
0
0
0
0
0
0
0
0
3589
6918
489
7593
1418
985
0
0
0
0
0
0
0
0
0
0
0
0
0
10496
0
0
0
0
0
0
0
0
0
0
0
0
0
0
0
0
2101
8406
489
0
6105
3902
489
9500
0
496
0
0
0
613
2398
7485
0
0
0
0
0
0
0
0
0
0
0
0
0
5117
5390
489
9000
121
886
489
9500
0
496
0
0
0
0
0
0
0
0
0
0
0
0
1500
2129
6382
485
0
0
0
0
0
0
0
0
0
0
0
0
0
6500
0
1633
2374
489
0
9996
0
0
0
0
0
0
0
0
0
0
0
0
0
2141
870
7485
0
0
0
0
0
0
0
0
0
0
0
0
0
3000
0
3645
3862
489
9500
0
496
0
0
0
0
0
0
0
0
0
0
0
653
2358
7485
0
0
0
0
0
0
0
0
0
0
0
0
5157
5350
489
9161
350
485
0
0
0
0
0
0
0
0
0
0
0
0
0
10496
0
0
0
0
0
0
0
0
0
0
0
0
0
0
0
3669
6838
489
0
7673
2334
489
0
9996
0
0
0
0
0
0
0
0
0
0
0
0
0
2181
4330
3985
0
0
0
0
0
0
0
0
0
0
0
0
0
6685
3326
485
0
0
0
0
0
0
0
0
0
0
0
0
0
8500
0
1996
0
0
0
0
0
0
0
0
0
0
0
0
0
693
9814
489
4697
5310
489
9000
201
806
489
9500
0
496
0
0
0
0
0
0
0
0
0
0
0
0
3709
5302
1485
0
0
0
0
0
0
0
0
0
0
0
0
0
8213
2294
489
9500
496
0
0
0
0
0
0
0
0
0
0
0
0
0
2221
8286
489
6225
3286
485
0
0
0
0
0
0
0
0
0
0
0
0
8500
1996
0
0
0
0
0
0
0
0
0
0
0
0
0
0
733
9774
489
4737
4774
485
0
0
0
0
0
0
0
0
0
0
0
9741
766
489
0
9996
0
0
0
0
0
0
0
0
0
0
0
0
3749
2762
3985
0
0
0
0
0
0
0
0
0
0
0
8253
2254
489
9996
0
0
0
0
0
0
0
0
0
0
0
0
0
1500
761
7750
485
0
0
0
0
0
0
0
0
0
0
0
0
6765
246
3485
0
0
0
0
0
0
0
0
0
0
0
0
0
10496
0
0
0
0
0
0
0
0
0
0
0
0
0
0
773
9734
489
4777
5230
489
9281
726
489
0
9996
0
0
0
0
0
0
0
0
3789
6718
489
0
7793
2214
489
9996
0
0
0
0
0
0
0
0
0
0
0
0
0
0
2301
6210
1985
0
0
0
0
0
0
0
0
0
0
0
0
0
6805
3702
489
9996
0
0
0
0
0
0
0
0
0
0
0
0
0
813
9694
489
4817
5190
489
9321
686
489
9996
0
0
0
0
0
0
0
0
0
0
0
0
0
0
3829
6678
489
7833
2178
4989
6843
0
0
0
0
0
0
0
0
0
0
990
9517
489
4994
5013
489
9498
509
489
0
9996
0
0
0
0
0
0
0
0
0
0
0
0
0
4006
6501
489
0
8010
1997
489
9000
996
0
0
0
0
0
0
0
0
0
0
0
2518
7989
489
0
6522
3485
489
0
9996
0
0
0
0
0
0
0
0
0
0
0
1030
9477
489
0
5034
4973
489
9538
469
489
0
9996
0
0
0
0
0
0
0
0
0
0
0
0
4046
5965
485
0
0
0
0
0
0
0
0
0
0
0
0
8550
1957
489
9996
0
0
0
0
0
0
0
0
0
0
0
0
0
2558
2953
4985
0
0
0
0
0
0
0
0
0
0
0
0
5000
2062
3445
489
0
9996
0
0
0
0
0
0
0
0
0
0
0
0
1070
5441
3985
0
0
0
0
0
0
0
0
0
0
0
5574
4933
489
9578
429
4489
0
5996
0
0
0
0
0
0
0
0
0
0
0
0
4086
4925
1485
0
0
0
0
0
0
0
0
0
0
0
0
8590
1917
489
0
9996
0
0
0
0
0
0
0
0
0
0
0
0
2598
7909
489
0
6602
3405
489
0
9996
0
0
0
0
0
0
0
0
0
0
0
0
1110
9397
489
0
5114
4893
489
9618
389
489
0
9996
0
0
0
0
0
0
0
0
4126
6381
489
0
8130
1877
489
9996
0
0
0
0
0
0
0
0
0
0
0
0
2638
2373
5485
0
0
0
0
0
0
0
0
0
0
0
0
7142
3365
489
9996
0
0
0
0
0
0
0
0
0
0
0
0
0
1150
9357
489
5154
4853
489
9658
349
489
0
9996
0
0
0
0
0
0
0
0
0
4166
345
5985
0
0
0
0
0
0
0
0
0
0
0
4500
0
4170
1837
489
9996
0
0
0
0
0
0
0
0
0
0
0
0
2678
5333
2485
0
0
0
0
0
0
0
0
0
0
0
500
6682
2829
485
0
0
0
0
0
0
0
0
0
0
2500
0
7996
0
0
0
0
0
0
0
0
0
0
0
1190
321
8985
0
0
0
0
0
0
0
0
0
0
0
5500
194
4813
489
0
9698
309
489
0
9996
0
0
0
0
0
0
0
0
0
0
0
4206
4805
1485
0
0
0
0
0
0
0
0
0
0
8710
1797
489
0
9996
0
0
0
0
0
0
0
0
0
0
2718
7789
489
6722
3285
489
0
9996
0
0
0
0
0
0
0
0
0
0
0
1230
8781
485
0
0
0
0
0
0
0
0
0
0
0
5734
4277
485
0
0
0
0
0
0
0
0
0
0
0
10238
269
489
9996
0
0
0
0
0
0
0
0
0
0
0
0
4246
6261
489
0
8250
1757
489
0
9996
0
0
0
0
0
0
0
0
0
0
0
2758
1753
5985
0
0
0
0
0
0
0
0
7262
3245
489
0
9996
0
0
0
0
0
0
0
0
0
0
0
1270
9237
489
5274
4733
489
0
9778
229
489
0
9996
0
0
0
0
0
0
0
0
0
0
1000
0
3286
6221
489
8290
1717
3989
6496
0
0
0
0
0
0
0
0
0
0
0
0
2798
7709
5989
0
1302
3205
489
0
9996
0
0
0
0
0
0
0
0
0
0
1310
9197
489
5314
4693
489
0
9818
189
489
9996
0
0
0
0
0
0
0
0
0
0
0
500
3826
6181
489
0
8330
1677
489
0
9996
0
0
0
0
0
0
0
0
0
0
2838
7669
489
6842
3165
489
0
9996
0
0
0
0
0
0
0
0
500
0
850
9157
489
0
5354
4653
489
0
9858
149
489
0
9996
0
0
0
0
0
0
0
0
0
0
0
4366
6141
489
8370
1637
489
0
9996
0
0
0
0
0
0
0
0
0
0
0
2878
7629
489
6882
3125
489
9996
0
0
0
0
0
0
0
0
0
0
0
0
1390
9117
489
0
5394
4613
489
0
9898
109
5989
4496
0
0
0
0
0
0
0
0
0
0
0
4406
5105
985
0
0
0
0
0
0
0
0
0
0
4000
4910
1597
489
0
9996
0
0
0
0
0
0
0
0
0
0
2918
4093
3485
0
0
0
0
0
0
0
0
0
0
4500
0
2922
3085
3489
6996
0
0
0
0
0
0
0
0
0
0
0
1430
6581
2485
0
0
0
0
0
0
0
0
0
0
5934
4573
489
9938
69
489
9996
0
0
0
0
0
0
0
0
0
3500
946
6061
489
8450
1557
489
0
9996
0
0
0
0
0
0
0
0
0
0
2958
7549
489
0
6962
3045
489
9996
0
0
0
0
0
0
0
0
0
0
0
1470
9037
489
0
5474
4533
489
9978
29
489
0
9996
0
0
0
0
0
0
0
3500
986
6021
2989
5990
1517
489
9996
0
0
0
0
0
0
0
0
0
0
0
2998
7013
485
0
0
0
0
0
0
0
0
0
0
7502
3005
489
9996
0
0
0
0
0
0
0
0
0
0
1510
6501
2485
0
0
0
0
0
0
0
0
0
6014
4493
489
9996
0
0
0
0
0
0
0
0
0
0
22
2489
7985
0
0
0
0
0
0
0
0
4526
5981
489
8530
1477
489
9996
0
0
0
0
0
0
0
0
0
0
3038
7469
489
7042
2965
489
9996
0
0
0
0
0
0
0
0
0
0
0
1550
8957
489
0
5554
4453
489
0
9996
0
0
0
0
0
0
0
0
0
0
62
10445
489
4066
5941
489
8570
1437
489
0
9996
0
0
0
0
0
0
0
0
3078
7429
2989
4582
2925
489
9996
0
0
0
0
0
0
0
0
0
0
0
1590
8917
5489
0
594
4413
489
9996
0
0
0
0
0
0
0
0
0
0
102
10405
489
0
4106
5901
489
0
8610
1397
489
0
9996
0
0
0
0
0
0
0
0
3118
7389
489
0
7122
2885
489
9996
0
0
0
0
0
0
0
0
0
0
0
1630
8877
489
0
5634
4373
489
9996
0
0
0
0
0
0
0
0
0
0
0
142
10365
489
0
4146
5861
489
0
8650
1357
489
9996
0
0
0
0
0
0
0
0
0
0
500
0
2658
7349
489
7162
2845
489
0
9996
0
0
0
0
0
0
0
0
0
1670
8837
489
5674
4333
489
9996
0
0
0
0
0
0
0
0
0
0
0
182
10325
489
0
4186
5821
489
8690
1317
489
9996
0
0
0
0
0
0
0
0
0
0
0
3198
7309
489
7202
2805
489
0
9996
0
0
0
0
0
0
0
0
1710
8797
489
5714
4293
489
0
9996
0
0
0
0
0
0
0
0
0
222
6789
3485
0
0
0
0
0
0
0
0
0
4726
785
4985
0
0
0
0
0
0
0
0
0
0
9230
1277
489
0
9996
0
0
0
0
0
0
0
0
0
0
3238
7269
489
0
7242
2765
489
0
9996
0
0
0
0
0
0
0
0
0
1000
750
8757
489
5754
4253
489
0
9996
0
0
0
0
0
0
0
262
6749
3485
0
0
0
0
0
0
0
0
3500
1266
5741
489
8770
1237
489
9996
0
0
0
0
0
0
0
0
0
0
3278
7229
489
0
7282
2725
489
9996
0
0
0
0
0
0
0
0
0
0
0
1790
8717
489
0
5794
4213
489
9996
0
0
0
0
0
0
0
0
0
302
10205
1489
0
3306
5701
489
0
8810
1197
489
9996
0
0
0
0
0
0
0
0
0
0
0
3318
7189
4489
3322
2685
489
0
9996
0
0
0
0
0
0
0
0
0
500
0
1330
8677
489
0
5834
4173
489
0
9996
0
0
0
0
0
0
0
0
0
342
10165
489
0
4346
5661
489
0
8850
1157
489
0
